1	0	119.091	1252.78	4647.33
1	1	610.188	1093.21	4647.33
1	2	913.702	675.458	4647.33
1	3	890.702	157.088	4647.33
1	4	611.188	-234.664	4635
1	5	99.0908	-398.231	4623.56
1	6	-380.006	-234.664	4610.9
1	7	-675.52	159.088	4601.75
1	8	-675.52	675.458	4601.75
1	9	-372.006	1093.21	4601.75
2	0	148.091	1258.78	4601.75
2	1	610.188	1093.21	4576.24
2	2	913.702	675.458	4576.24
2	3	890.702	157.088	4576.24
2	4	587.188	-241.664	4576.24
2	5	73.0908	-374.231	4571.13
2	6	-364.006	-233.664	4557.3
2	7	-675.52	159.088	4551.33
2	8	-678.52	660.458	4551.33
2	9	-372.006	1093.21	4550.27
3	0	148.091	1258.78	4550.27
3	1	610.188	1093.21	4550.27
3	2	913.702	675.458	4550.27
3	3	890.702	157.088	4550.27
3	4	567.188	-220.664	4550.27
3	5	65.0908	-358.231	4533
3	6	-369.006	-213.664	4523.86
3	7	-653.52	177.088	4515.88
3	8	-648.52	666.458	4499.28
3	9	-391.006	1104.21	4482.86
4	0	175.091	1258.78	4482.23
4	1	610.188	1093.21	4456.9
4	2	913.702	675.458	4456.9
4	3	881.702	175.088	4456.9
4	4	567.188	-220.664	4447.57
4	5	65.0908	-358.231	4447.57
4	6	-369.006	-213.664	4447.57
4	7	-653.52	177.088	4447.57
4	8	-642.52	668.458	4447.57
4	9	-391.006	1104.21	4444.92
5	0	175.091	1258.78	4444.92
5	1	610.188	1093.21	4444.92
5	2	907.702	649.458	4444.92
5	3	859.702	169.088	4436.5
5	4	554.188	-218.664	4425.98
5	5	65.0908	-358.231	4420.34
5	6	-369.006	-213.664	4420.34
5	7	-653.52	177.088	4420.34
5	8	-615.52	639.458	4420.34
5	9	-391.006	1104.21	4405.79
6	0	198.091	1251.78	4405.79
6	1	610.188	1093.21	4381.81
6	2	907.702	649.458	4381.81
6	3	831.702	153.088	4381.81
6	4	554.188	-218.664	4371.46
6	5	45.0908	-353.231	4371.46
6	6	-369.006	-213.664	4368.87
6	7	-653.52	177.088	4368.87
6	8	-607.52	630.458	4368.87
6	9	-391.006	1104.21	4365.38
7	0	198.091	1251.78	4365.38
7	1	610.188	1074.21	4365.38
7	2	907.702	649.458	4356.88
7	3	820.702	148.088	4356.88
7	4	554.188	-218.664	4353.04
7	5	45.0908	-353.231	4353.04
7	6	-369.006	-213.664	4353.04
7	7	-653.52	177.088	4353.04
7	8	-606.52	606.458	4353.04
7	9	-378.006	1081.21	4350.8
8	0	225.091	1265.78	4335.28
8	1	605.188	1073.21	4316.67
8	2	907.702	649.458	4314.72
8	3	792.702	176.088	4314.72
8	4	554.188	-218.664	4300.84
8	5	65.0908	-340.231	4300.84
8	6	-385.006	-184.664	4293.43
8	7	-629.52	184.088	4284.64
8	8	-604.52	605.458	4267.64
8	9	-405.006	1056.21	4266.79
9	0	239.091	1275.78	4232.8
9	1	624.188	1050.21	4225.11
9	2	879.702	672.458	4223.25
9	3	790.702	200.088	4205.2
9	4	555.188	-191.664	4201.66
9	5	65.0908	-340.231	4185.97
9	6	-357.006	-159.664	4185.97
9	7	-629.52	184.088	4165.06
9	8	-604.52	605.458	4165.06
9	9	-403.006	1055.21	4165.06
10	0	247.091	1263.78	4164.96
10	1	624.188	1050.21	4152.03
10	2	857.702	698.458	4152.03
10	3	790.702	200.088	4140.36
10	4	562.188	-171.664	4140.36
10	5	49.0908	-326.231	4132.41
10	6	-357.006	-159.664	4123.22
10	7	-605.52	184.088	4123.22
10	8	-604.52	605.458	4107.99
10	9	-403.006	1055.21	4107.99
11	0	276.091	1256.78	4107.99
11	1	624.188	1021.21	4079.38
11	2	834.702	714.458	4071.09
11	3	794.702	230.088	4058.15
11	4	562.188	-171.664	4055.74
11	5	49.0908	-326.231	4055.74
11	6	-357.006	-159.664	4055.74
11	7	-605.52	184.088	4055.74
11	8	-604.52	605.458	4055.74
11	9	-402.006	1033.21	4055.74
12	0	298.091	1276.78	4036.17
12	1	629.188	1003.21	4030.17
12	2	834.702	714.458	4027.73
12	3	794.702	230.088	4027.73
12	4	562.188	-171.664	4027.73
12	5	49.0908	-326.231	4027.73
12	6	-362.006	-151.664	4027.73
12	7	-605.52	184.088	4026.02
12	8	-590.52	634.458	4026.02
12	9	-413.006	1019.21	4023.07
13	0	298.091	1276.78	4005.73
13	1	629.188	1003.21	4005.73
13	2	808.702	730.458	4005.73
13	3	765.702	255.088	3992.38
13	4	533.188	-167.664	3977.73
13	5	69.0908	-316.231	3960.95
13	6	-372.006	-133.664	3953.65
13	7	-594.52	162.088	3949.16
13	8	-590.52	634.458	3946.71
13	9	-398.006	998.209	3946.71
14	0	327.091	1290.78	3934.54
14	1	629.188	993.21	3922.13
14	2	808.702	730.458	3920.78
14	3	765.702	255.088	3920.78
14	4	533.188	-167.664	3920.78
14	5	69.0908	-316.231	3920.78
14	6	-366.006	-121.664	3920.78
14	7	-582.52	180.088	3914.23
14	8	-590.52	634.458	3903.35
14	9	-398.006	998.209	3903.35
15	0	351.091	1273.78	3903.35
15	1	612.188	998.21	3874.35
15	2	800.702	719.458	3872.83
15	3	764.702	285.088	3865.59
15	4	556.188	-141.664	3861.8
15	5	90.0908	-312.231	3858.4
15	6	-366.006	-121.664	3854.98
15	7	-582.52	180.088	3854.98
15	8	-560.52	623.458	3854.98
15	9	-368.006	980.209	3841.37
16	0	366.091	1259.78	3838.28
16	1	591.188	984.21	3817.8
16	2	800.702	719.458	3815.59
16	3	764.702	285.088	3815.59
16	4	556.188	-141.664	3815.59
16	5	90.0908	-312.231	3815.59
16	6	-350.006	-111.664	3815.59
16	7	-582.52	180.088	3806.61
16	8	-530.52	627.458	3806.61
16	9	-368.006	980.209	3796.08
17	0	366.091	1259.78	3796.08
17	1	574.188	1003.21	3796.08
17	2	800.702	719.458	3796.06
17	3	747.702	262.088	3796.06
17	4	557.188	-126.664	3792.54
17	5	90.0908	-312.231	3784.87
17	6	-344.006	-114.664	3784.87
17	7	-582.52	180.088	3784.27
17	8	-502.52	639.458	3784.27
17	9	-389.006	964.209	3778.12
18	0	366.091	1259.78	3755.8
18	1	574.188	1003.21	3755.8
18	2	800.702	719.458	3755.8
18	3	747.702	262.088	3755.8
18	4	544.188	-117.664	3755.8
18	5	90.0908	-296.231	3745.14
18	6	-333.006	-120.664	3732.66
18	7	-582.52	180.088	3731.81
18	8	-473.52	648.458	3731.81
18	9	-389.006	964.209	3729.26
19	0	366.091	1259.78	3729.26
19	1	574.188	1003.21	3729.26
19	2	799.702	696.458	3729.26
19	3	747.702	262.088	3723.95
19	4	528.188	-123.664	3723.95
19	5	116.091	-279.231	3719.85
19	6	-305.006	-120.664	3707.67
19	7	-568.52	169.088	3699.81
19	8	-473.52	648.458	3690.05
19	9	-410.006	942.209	3690.05
20	0	387.091	1242.78	3663.72
20	1	574.188	1003.21	3637.34
20	2	799.702	696.458	3637.34
20	3	723.702	246.088	3637.34
20	4	528.188	-123.664	3631.03
20	5	116.091	-279.231	3631.03
20	6	-301.006	-95.6642	3631.03
20	7	-568.52	169.088	3621.49
20	8	-473.52	648.458	3621.49
20	9	-432.006	937.209	3621.49
21	0	387.091	1242.78	3612.67
21	1	574.188	1003.21	3612.67
21	2	799.702	696.458	3612.67
21	3	716.702	233.088	3612.67
21	4	518.188	-116.664	3611.91
21	5	87.0908	-269.231	3603.81
21	6	-291.006	-89.6642	3596.83
21	7	-558.52	166.088	3593.32
21	8	-471.52	673.458	3585.09
21	9	-447.006	935.209	3585.04
22	0	387.091	1242.78	3581.24
22	1	574.188	1003.21	3581.24
22	2	799.702	696.458	3581.24
22	3	716.702	233.088	3581.24
22	4	518.188	-116.664	3581.24
22	5	72.0908	-240.231	3581.24
22	6	-291.006	-89.6642	3561.35
22	7	-558.52	166.088	3561.35
22	8	-474.52	658.458	3561.35
22	9	-447.006	935.209	3561.27
23	0	396.091	1248.78	3561.27
23	1	574.188	1003.21	3560.66
23	2	799.702	696.458	3560.66
23	3	716.702	233.088	3560.66
23	4	496.188	-128.664	3560.66
23	5	72.0908	-240.231	3557.79
23	6	-291.006	-89.6642	3557.79
23	7	-548.52	195.088	3557.79
23	8	-474.52	658.458	3541.37
23	9	-447.006	935.209	3541.37
24	0	396.091	1248.78	3541.37
24	1	574.188	1003.21	3541.37
24	2	799.702	696.458	3541.37
24	3	701.702	230.088	3541.37
24	4	488.188	-129.664	3536.97
24	5	87.0908	-229.231	3533.87
24	6	-291.006	-89.6642	3526.56
24	7	-548.52	195.088	3526.56
24	8	-474.52	658.458	3526.56
24	9	-447.006	935.209	3526.56
25	0	396.091	1248.78	3526.56
25	1	574.188	1003.21	3526.56
25	2	799.702	696.458	3526.56
25	3	686.702	209.088	3526.56
25	4	498.188	-110.664	3524.59
25	5	87.0908	-229.231	3517.73
25	6	-291.006	-89.6642	3517.73
25	7	-524.52	168.088	3517.73
25	8	-474.52	658.458	3505.28
25	9	-447.006	935.209	3505.28
26	0	396.091	1248.78	3505.28
26	1	574.188	1003.21	3505.28
26	2	799.702	696.458	3505.28
26	3	679.702	229.088	3505.28
26	4	470.188	-107.664	3501.52
26	5	63.0908	-203.231	3487
26	6	-291.006	-89.6642	3472.07
26	7	-517.52	191.088	3472.07
26	8	-474.52	658.458	3461.44
26	9	-447.006	935.209	3461.44
27	0	396.091	1248.78	3461.44
27	1	561.188	1023.21	3461.44
27	2	784.702	688.458	3461.44
27	3	679.702	229.088	3448.09
27	4	470.188	-107.664	3448.09
27	5	63.0908	-203.231	3448.09
27	6	-291.006	-89.6642	3448.09
27	7	-517.52	191.088	3448.09
27	8	-474.52	658.458	3448.09
27	9	-447.006	935.209	3448.09
28	0	396.091	1248.78	3448.09
28	1	543.188	1038.21	3448.09
28	2	784.702	688.458	3447.94
28	3	679.702	229.088	3447.94
28	4	451.188	-98.6642	3447.94
28	5	89.0908	-178.231	3434.66
28	6	-291.006	-89.6642	3421.87
28	7	-504.52	216.088	3421.87
28	8	-474.52	658.458	3408.1
28	9	-460.006	918.209	3408.1
29	0	399.091	1221.78	3390.14
29	1	543.188	1038.21	3366.65
29	2	784.702	688.458	3366.65
29	3	679.702	229.088	3366.65
29	4	422.188	-98.6642	3366.65
29	5	68.0908	-156.231	3355.65
29	6	-302.006	-78.6642	3346.86
29	7	-493.52	204.088	3344.48
29	8	-474.52	658.458	3339.75
29	9	-460.006	918.209	3339.75
30	0	379.091	1198.78	3339.75
30	1	543.188	1038.21	3335.97
30	2	784.702	688.458	3335.97
30	3	656.702	229.088	3335.97
30	4	409.188	-104.664	3327.82
30	5	82.0908	-136.231	3326.55
30	6	-311.006	-60.6642	3320.44
30	7	-493.52	204.088	3312.41
30	8	-474.52	658.458	3312.41
30	9	-460.006	918.209	3312.41
31	0	379.091	1198.78	3312.41
31	1	543.188	1038.21	3312.41
31	2	784.702	688.458	3312.41
31	3	656.702	229.088	3312.41
31	4	409.188	-104.664	3312.41
31	5	82.0908	-136.231	3312.41
31	6	-311.006	-60.6642	3312.41
31	7	-499.52	234.088	3312.41
31	8	-474.52	658.458	3311.06
31	9	-460.006	918.209	3311.06
32	0	379.091	1198.78	3311.06
32	1	527.188	1051.21	3311.06
32	2	784.702	688.458	3310.37
32	3	656.702	229.088	3310.37
32	4	409.188	-104.664	3310.37
32	5	82.0908	-136.231	3310.37
32	6	-311.006	-60.6642	3310.37
32	7	-495.52	249.088	3310.37
32	8	-474.52	658.458	3305.83
32	9	-460.006	918.209	3305.83
33	0	379.091	1198.78	3305.83
33	1	507.188	1039.21	3305.83
33	2	757.702	659.458	3303.79
33	3	637.702	212.088	3276.66
33	4	409.188	-104.664	3272.84
33	5	90.0908	-130.231	3272.84
33	6	-311.006	-59.6642	3271.14
33	7	-495.52	249.088	3270.45
33	8	-474.52	658.458	3270.45
33	9	-460.006	918.209	3270.45
34	0	379.091	1198.78	3270.45
34	1	507.188	1039.21	3270.45
34	2	757.702	659.458	3270.45
34	3	637.702	212.088	3270.45
34	4	417.188	-76.6642	3270.45
34	5	77.0908	-129.231	3254.53
34	6	-283.006	-75.6642	3254.24
34	7	-472.52	265.088	3252.44
34	8	-474.52	658.458	3237.7
34	9	-460.006	918.209	3237.7
35	0	400.091	1175.78	3237.7
35	1	520.188	1013.21	3206.63
35	2	742.702	676.458	3206.35
35	3	627.702	201.088	3196.79
35	4	413.188	-74.6642	3194.97
35	5	102.091	-121.231	3192.19
35	6	-283.006	-75.6642	3189.98
35	7	-472.52	265.088	3189.98
35	8	-459.52	630.458	3189.98
35	9	-478.006	889.209	3189.8
36	0	400.091	1175.78	3161.46
36	1	520.188	1013.21	3161.46
36	2	742.702	676.458	3161.46
36	3	627.702	201.088	3161.46
36	4	406.188	-65.6642	3161.46
36	5	102.091	-121.231	3153.4
36	6	-283.006	-75.6642	3153.4
36	7	-449.52	262.088	3153.4
36	8	-461.52	604.458	3142.96
36	9	-478.006	889.209	3142.85
37	0	400.091	1175.78	3142.85
37	1	520.188	1013.21	3142.85
37	2	742.702	676.458	3142.85
37	3	612.702	195.088	3142.85
37	4	424.188	-39.6642	3138.28
37	5	102.091	-121.231	3129.86
37	6	-288.006	-67.6642	3129.86
37	7	-449.52	262.088	3126.45
37	8	-461.52	604.458	3126.45
37	9	-478.006	889.209	3126.45
38	0	417.091	1179.78	3126.45
38	1	520.188	1013.21	3120.22
38	2	742.702	676.458	3120.22
38	3	612.702	195.088	3120.22
38	4	424.188	-39.6642	3120.22
38	5	102.091	-121.231	3120.22
38	6	-273.006	-40.6642	3120.22
38	7	-449.52	262.088	3093.38
38	8	-461.52	604.458	3093.38
38	9	-472.006	865.209	3093.38
39	0	417.091	1179.78	3069.12
39	1	520.188	1013.21	3069.12
39	2	724.702	686.458	3069.12
39	3	612.702	195.088	3056.33
39	4	424.188	-39.6642	3056.33
39	5	102.091	-121.231	3056.33
39	6	-258.006	-42.6642	3056.33
39	7	-435.52	269.088	3050.72
39	8	-461.52	604.458	3043.34
39	9	-444.006	863.209	3043.34
40	0	429.091	1161.78	3041.72
40	1	520.188	1013.21	3020.1
40	2	704.702	716.458	3020.1
40	3	589.702	166.088	3009.51
40	4	395.188	-53.6642	3005.33
40	5	97.0908	-115.231	3003.26
40	6	-253.006	-35.6642	3000.73
40	7	-424.52	267.088	2993.8
40	8	-447.52	632.458	2989.55
40	9	-444.006	863.209	2987.69
41	0	429.091	1161.78	2987.69
41	1	520.188	1013.21	2987.69
41	2	704.702	716.458	2987.69
41	3	589.702	166.088	2987.69
41	4	370.188	-53.6642	2987.69
41	5	97.0908	-115.231	2980.38
41	6	-261.006	-14.6642	2980.38
41	7	-405.52	280.088	2971.11
41	8	-447.52	632.458	2962.39
41	9	-444.006	863.209	2962.39
42	0	429.091	1161.78	2962.39
42	1	520.188	1013.21	2962.39
42	2	689.702	709.458	2962.39
42	3	566.702	191.088	2951.04
42	4	397.188	-35.6642	2934.58
42	5	97.0908	-115.231	2934.33
42	6	-280.006	11.3358	2934.33
42	7	-400.52	309.088	2928.49
42	8	-435.52	615.458	2925
42	9	-472.006	858.209	2923.71
43	0	429.091	1161.78	2921.29
43	1	520.188	1013.21	2921.29
43	2	677.702	706.458	2921.29
43	3	555.702	207.088	2912.69
43	4	376.188	-23.6642	2906.38
43	5	97.0908	-115.231	2892.08
43	6	-280.006	11.3358	2892.08
43	7	-402.52	329.088	2892.08
43	8	-435.52	615.458	2891.31
43	9	-472.006	858.209	2891.31
44	0	429.091	1161.78	2891.31
44	1	520.188	1013.21	2891.31
44	2	677.702	706.458	2891.31
44	3	555.702	207.088	2891.31
44	4	406.188	3.33585	2891.31
44	5	90.0908	-115.231	2889.01
44	6	-260.006	4.33585	2888.92
44	7	-402.52	329.088	2881.83
44	8	-435.52	615.458	2881.83
44	9	-465.006	844.209	2881.83
45	0	429.091	1161.78	2866.99
45	1	520.188	1013.21	2866.99
45	2	659.702	704.458	2866.99
45	3	544.702	235.088	2855.04
45	4	406.188	3.33585	2847.44
45	5	90.0908	-115.231	2847.44
45	6	-240.006	18.3358	2847.44
45	7	-402.52	329.088	2829.61
45	8	-435.52	615.458	2829.61
45	9	-465.006	844.209	2829.61
46	0	429.091	1161.78	2829.61
46	1	508.188	998.21	2829.61
46	2	642.702	723.458	2828.75
46	3	544.702	235.088	2818.99
46	4	416.188	18.3358	2818.99
46	5	87.0908	-92.2311	2815.77
46	6	-224.006	24.3358	2799.74
46	7	-387.52	300.088	2789.18
46	8	-435.52	615.458	2787.32
46	9	-473.006	840.209	2787.32
47	0	425.091	1138.78	2784.53
47	1	500.188	993.21	2766.13
47	2	617.702	720.458	2765.81
47	3	544.702	235.088	2750.44
47	4	387.188	41.3358	2750.44
47	5	87.0908	-92.2311	2729.46
47	6	-203.006	46.3358	2729.46
47	7	-387.52	300.088	2711.89
47	8	-435.52	615.458	2711.89
47	9	-479.006	835.209	2711.89
48	0	425.091	1138.78	2708.05
48	1	500.188	993.21	2708.05
48	2	617.702	720.458	2708.05
48	3	544.702	235.088	2708.05
48	4	394.188	69.3358	2708.05
48	5	87.0908	-92.2311	2700.77
48	6	-207.006	53.3358	2700.77
48	7	-375.52	307.088	2699.41
48	8	-435.52	615.458	2693.44
48	9	-492.006	811.209	2693.44
49	0	440.091	1114.78	2673.17
49	1	500.188	993.21	2644.98
49	2	617.702	720.458	2644.98
49	3	544.702	235.088	2644.98
49	4	381.188	92.3358	2644.98
49	5	81.0908	-62.2311	2638.36
49	6	-207.006	53.3358	2610.97
49	7	-352.52	293.088	2610.97
49	8	-435.52	615.458	2605.54
49	9	-492.006	811.209	2605.54
50	0	440.091	1114.78	2605.54
50	1	500.188	993.21	2605.54
50	2	617.702	720.458	2605.54
50	3	544.702	235.088	2605.54
50	4	401.188	119.336	2605.54
50	5	81.0908	-62.2311	2603.3
50	6	-207.006	53.3358	2603.3
50	7	-352.52	293.088	2603.3
50	8	-435.52	615.458	2603.3
50	9	-502.006	787.209	2603.3
51	0	440.091	1114.78	2583.74
51	1	500.188	993.21	2583.74
51	2	617.702	720.458	2583.74
51	3	544.702	235.088	2583.74
51	4	378.188	133.336	2583.74
51	5	107.091	-47.2311	2582.18
51	6	-207.006	53.3358	2571.61
51	7	-331.52	264.088	2571.61
51	8	-435.52	615.458	2569.5
51	9	-506.006	772.209	2569.5
52	0	440.091	1114.78	2557.2
52	1	500.188	993.21	2557.2
52	2	592.702	697.458	2557.2
52	3	518.702	233.088	2544.12
52	4	378.188	133.336	2526.67
52	5	87.0908	-45.2311	2526.67
52	6	-207.006	53.3358	2522.82
52	7	-307.52	249.088	2522.82
52	8	-435.52	615.458	2519.73
52	9	-506.006	772.209	2519.73
53	0	440.091	1114.78	2519.73
53	1	500.188	993.21	2519.73
53	2	592.702	697.458	2519.73
53	3	518.702	233.088	2519.73
53	4	378.188	133.336	2519.73
53	5	87.0908	-45.2311	2519.73
53	6	-207.006	53.3358	2519.73
53	7	-307.52	249.088	2519.73
53	8	-435.52	615.458	2519.73
53	9	-506.006	772.209	2519.73
54	0	456.091	1115.78	2519.73
54	1	500.188	993.21	2514.38
54	2	578.702	724.458	2514.38
54	3	518.702	233.088	2509.27
54	4	378.188	133.336	2509.27
54	5	113.091	-16.2311	2509.27
54	6	-207.006	53.3358	2489.54
54	7	-307.52	275.088	2489.54
54	8	-450.52	624.458	2488.51
54	9	-506.006	772.209	2488.33
55	0	436.091	1097.78	2488.33
55	1	500.188	993.21	2480.72
55	2	568.702	750.458	2480.72
55	3	518.702	233.088	2477.73
55	4	383.188	140.336	2477.73
55	5	113.091	-16.2311	2477.44
55	6	-207.006	53.3358	2477.44
55	7	-307.52	275.088	2477.44
55	8	-450.52	624.458	2477.44
55	9	-482.006	768.209	2477.44
56	0	436.091	1097.78	2466.78
56	1	482.188	983.21	2466.78
56	2	568.702	750.458	2463.7
56	3	506.702	215.088	2463.7
56	4	383.188	140.336	2463.02
56	5	113.091	-16.2311	2463.02
56	6	-207.006	53.3358	2463.02
56	7	-307.52	275.088	2463.02
56	8	-450.52	624.458	2463.02
56	9	-454.006	740.209	2463.02
57	0	436.091	1097.78	2431.66
57	1	482.188	971.21	2431.66
57	2	561.702	767.458	2431.66
57	3	506.702	215.088	2429.43
57	4	383.188	140.336	2429.43
57	5	113.091	-16.2311	2429.43
57	6	-207.006	53.3358	2429.43
57	7	-307.52	275.088	2429.43
57	8	-446.52	617.458	2429.43
57	9	-449.006	731.209	2428.62
58	0	447.091	1100.78	2419.41
58	1	484.188	983.21	2418.95
58	2	561.702	767.458	2418.53
58	3	506.702	215.088	2418.53
58	4	383.188	140.336	2418.53
58	5	130.091	4.76889	2418.53
58	6	-207.006	53.3358	2406.46
58	7	-307.52	275.088	2406.46
58	8	-433.52	624.458	2406.46
58	9	-449.006	731.209	2402.44
59	0	447.091	1100.78	2402.44
59	1	484.188	983.21	2402.44
59	2	547.702	775.458	2402.44
59	3	506.702	215.088	2397.2
59	4	368.188	140.336	2397.2
59	5	130.091	4.76889	2397.09
59	6	-195.006	53.3358	2397.09
59	7	-307.52	275.088	2390.41
59	8	-433.52	624.458	2390.41
59	9	-449.006	731.209	2390.41
60	0	436.091	1083.78	2390.41
60	1	484.188	983.21	2378.61
60	2	532.702	780.458	2378.61
60	3	479.702	238.088	2373.94
60	4	368.188	140.336	2343.82
60	5	130.091	4.76889	2343.82
60	6	-195.006	53.3358	2343.82
60	7	-307.52	275.088	2343.82
60	8	-433.52	624.458	2343.82
60	9	-437.006	726.209	2343.82
61	0	438.091	1080.78	2337.76
61	1	484.188	983.21	2334.19
61	2	508.702	777.458	2334.19
61	3	479.702	238.088	2328.12
61	4	368.188	148.336	2328.12
61	5	147.091	15.7689	2327.02
61	6	-195.006	53.3358	2322.23
61	7	-307.52	275.088	2322.23
61	8	-404.52	653.458	2322.23
61	9	-437.006	726.209	2319.3
62	0	410.091	1055.78	2319.3
62	1	484.188	983.21	2315.11
62	2	508.702	777.458	2315.11
62	3	460.702	268.088	2315.11
62	4	368.188	148.336	2294.76
62	5	135.091	16.7689	2294.76
62	6	-195.006	53.3358	2292.6
62	7	-297.52	290.088	2292.6
62	8	-414.52	628.458	2290.12
62	9	-437.006	726.209	2289.98
63	0	410.091	1055.78	2289.98
63	1	484.188	983.21	2289.98
63	2	508.702	777.458	2289.98
63	3	460.702	268.088	2289.98
63	4	368.188	148.336	2289.98
63	5	155.091	34.7689	2289.98
63	6	-181.006	75.3358	2282.26
63	7	-281.52	263.088	2256.53
63	8	-414.52	628.458	2255.97
63	9	-437.006	726.209	2255.97
64	0	422.091	1042.78	2255.97
64	1	484.188	983.21	2238.31
64	2	503.702	754.458	2238.31
64	3	448.702	252.088	2237.32
64	4	373.188	168.336	2234.43
64	5	155.091	34.7689	2230.15
64	6	-171.006	83.3358	2230.15
64	7	-281.52	263.088	2219.35
64	8	-420.52	650.458	2219.35
64	9	-437.006	726.209	2219.3
65	0	422.091	1042.78	2219.3
65	1	484.188	983.21	2219.3
65	2	489.702	760.458	2219.3
65	3	448.702	252.088	2217.18
65	4	352.188	168.336	2217.18
65	5	155.091	34.7689	2214.55
65	6	-171.006	83.3358	2214.55
65	7	-257.52	245.088	2214.55
65	8	-408.52	634.458	2212.33
65	9	-437.006	726.209	2211.59
66	0	422.091	1042.78	2211.59
66	1	458.188	972.21	2211.59
66	2	489.702	760.458	2196.07
66	3	448.702	265.088	2196.07
66	4	352.188	168.336	2191.99
66	5	133.091	63.7689	2191.99
66	6	-171.006	83.3358	2171.7
66	7	-261.52	259.088	2171.7
66	8	-408.52	634.458	2171.46
66	9	-444.006	705.209	2171.46
67	0	425.091	1024.78	2154.54
67	1	458.188	972.21	2137.39
67	2	489.702	760.458	2137.39
67	3	448.702	265.088	2137.39
67	4	346.188	164.336	2137.39
67	5	133.091	63.7689	2137.33
67	6	-162.006	97.3358	2137.33
67	7	-261.52	259.088	2121.83
67	8	-408.52	634.458	2121.83
67	9	-444.006	705.209	2121.83
68	0	422.091	995.777	2121.83
68	1	440.188	986.21	2102.82
68	2	489.702	760.458	2097.22
68	3	448.702	265.088	2097.22
68	4	346.188	164.336	2097.22
68	5	133.091	63.7689	2097.22
68	6	-173.006	114.336	2097.22
68	7	-263.52	286.088	2090.22
68	8	-408.52	634.458	2088.91
68	9	-444.006	705.209	2088.91
69	0	422.091	995.777	2088.91
69	1	440.188	986.21	2088.91
69	2	471.702	784.458	2088.91
69	3	431.702	266.088	2084.8
69	4	346.188	164.336	2074.01
69	5	133.091	63.7689	2074.01
69	6	-182.006	138.336	2074.01
69	7	-263.52	286.088	2062.17
69	8	-422.52	654.458	2062.17
69	9	-423.006	709.209	2062.01
70	0	422.091	995.777	2061.65
70	1	440.188	986.21	2061.65
70	2	471.702	784.458	2061.65
70	3	431.702	266.088	2061.65
70	4	324.188	179.336	2061.65
70	5	133.091	63.7689	2054.57
70	6	-182.006	138.336	2054.57
70	7	-263.52	286.088	2054.57
70	8	-410.52	667.458	2054.57
70	9	-423.006	709.209	2050.9
71	0	422.091	995.777	2050.9
71	1	427.188	980.21	2050.9
71	2	471.702	784.458	2043.36
71	3	431.702	293.088	2043.36
71	4	296.188	179.336	2034.81
71	5	133.091	63.7689	2031.79
71	6	-182.006	138.336	2031.79
71	7	-263.52	286.088	2031.79
71	8	-410.52	667.458	2031.79
71	9	-402.006	709.209	2031.79
72	0	422.091	995.777	2030.82
72	1	427.188	980.21	2030.82
72	2	468.702	757.458	2030.82
72	3	428.702	293.088	2029.51
72	4	314.188	204.336	2027.47
72	5	133.091	63.7689	2027.06
72	6	-182.006	138.336	2027.06
72	7	-263.52	286.088	2027.06
72	8	-409.52	667.458	2027.06
72	9	-393.006	685.209	2026.52
73	0	412.091	979.777	2008.34
73	1	427.188	980.21	2007.06
73	2	468.702	757.458	2007.06
73	3	428.702	293.088	2007.06
73	4	314.188	204.336	2007.06
73	5	133.091	63.7689	2007.06
73	6	-182.006	140.336	2007.06
73	7	-239.52	295.088	2005.78
73	8	-409.52	667.458	2004.86
73	9	-407.006	677.209	2004.86
74	0	412.091	979.777	1990.68
74	1	425.188	953.21	1990.68
74	2	455.702	749.458	1979.14
74	3	428.702	293.088	1975.71
74	4	314.188	204.336	1975.71
74	5	126.091	64.7689	1975.71
74	6	-182.006	142.336	1973.65
74	7	-239.52	295.088	1972.26
74	8	-409.52	667.458	1972.26
74	9	-407.006	677.209	1972.26
75	0	412.091	979.777	1972.26
75	1	426.188	925.21	1972.26
75	2	455.702	749.458	1971.18
75	3	428.702	293.088	1971.18
75	4	314.188	204.336	1971.18
75	5	126.091	64.7689	1971.18
75	6	-182.006	142.336	1971.18
75	7	-239.52	295.088	1971.18
75	8	-409.52	667.458	1971.18
75	9	-407.006	677.209	1971.18
76	0	407.091	972.777	1971.18
76	1	426.188	925.21	1966.08
76	2	455.702	749.458	1966.08
76	3	428.702	293.088	1966.08
76	4	308.188	204.336	1966.08
76	5	126.091	64.7689	1966.08
76	6	-182.006	142.336	1966.08
76	7	-239.52	295.088	1966.08
76	8	-409.52	667.458	1966.08
76	9	-407.006	677.209	1966.08
77	0	407.091	972.777	1966.08
77	1	426.188	925.21	1966.08
77	2	430.702	745.458	1966.08
77	3	428.702	293.088	1962.88
77	4	308.188	204.336	1962.88
77	5	126.091	64.7689	1962.88
77	6	-182.006	142.336	1962.88
77	7	-254.52	307.088	1962.88
77	8	-409.52	667.458	1962.61
77	9	-407.006	677.209	1962.61
78	0	407.091	972.777	1962.61
78	1	426.188	925.21	1962.61
78	2	430.702	745.458	1962.61
78	3	428.702	293.088	1962.61
78	4	308.188	204.336	1962.61
78	5	126.091	64.7689	1962.61
78	6	-182.006	142.336	1962.61
78	7	-254.52	307.088	1962.61
78	8	-409.52	667.458	1962.61
78	9	-407.006	677.209	1962.61
79	0	407.091	972.777	1962.61
79	1	426.188	925.21	1962.61
79	2	430.702	745.458	1962.61
79	3	428.702	293.088	1962.61
79	4	308.188	204.336	1962.61
79	5	126.091	64.7689	1962.61
79	6	-182.006	142.336	1962.61
79	7	-254.52	307.088	1962.61
79	8	-409.52	667.458	1962.61
79	9	-407.006	677.209	1962.61
80	0	407.091	972.777	1962.61
80	1	426.188	925.21	1962.61
80	2	430.702	745.458	1962.61
80	3	428.702	318.088	1962.61
80	4	283.188	192.336	1953.67
80	5	126.091	64.7689	1953.21
80	6	-176.006	151.336	1953.21
80	7	-241.52	287.088	1944.17
80	8	-407.52	658.458	1944.01
80	9	-407.006	677.209	1943.66
81	0	407.091	972.777	1943.66
81	1	414.188	935.21	1943.66
81	2	425.702	718.458	1941.3
81	3	428.702	318.088	1940.89
81	4	283.188	192.336	1940.89
81	5	126.091	64.7689	1940.89
81	6	-176.006	151.336	1940.89
81	7	-241.52	287.088	1940.89
81	8	-407.52	658.458	1940.89
81	9	-402.006	670.209	1940.89
82	0	407.091	972.777	1935.11
82	1	414.188	935.21	1935.11
82	2	425.702	718.458	1935.11
82	3	428.702	318.088	1935.11
82	4	283.188	192.336	1935.11
82	5	126.091	64.7689	1935.11
82	6	-176.006	151.336	1935.11
82	7	-241.52	287.088	1935.11
82	8	-399.52	634.458	1935.11
82	9	-402.006	670.209	1932.8
83	0	407.091	972.777	1932.8
83	1	414.188	935.21	1932.8
83	2	425.702	718.458	1932.8
83	3	424.702	344.088	1932.8
83	4	259.188	204.336	1921.97
83	5	126.091	64.7689	1921.58
83	6	-176.006	151.336	1921.58
83	7	-241.52	287.088	1921.58
83	8	-387.52	639.458	1921.58
83	9	-394.006	668.209	1919.54
84	0	407.091	972.777	1915.02
84	1	414.188	935.21	1915.02
84	2	425.702	718.458	1915.02
84	3	424.702	344.088	1915.02
84	4	259.188	204.336	1915.02
84	5	126.091	64.7689	1915.02
84	6	-176.006	151.336	1915.02
84	7	-241.52	287.088	1915.02
84	8	-387.52	639.458	1915.02
84	9	-394.006	668.209	1915.02
85	0	407.091	972.777	1915.02
85	1	414.188	935.21	1915.02
85	2	425.702	718.458	1915.02
85	3	424.702	344.088	1915.02
85	4	233.188	177.336	1915.02
85	5	126.091	64.7689	1914.85
85	6	-176.006	151.336	1914.85
85	7	-244.52	305.088	1914.85
85	8	-387.52	639.458	1914.69
85	9	-394.006	668.209	1914.69
86	0	407.091	972.777	1914.69
86	1	414.188	935.21	1914.69
86	2	425.702	718.458	1914.69
86	3	424.702	344.088	1914.69
86	4	233.188	177.336	1914.69
86	5	126.091	64.7689	1914.69
86	6	-176.006	151.336	1914.69
86	7	-244.52	305.088	1914.69
86	8	-374.52	618.458	1914.69
86	9	-394.006	668.209	1914.25
87	0	396.091	960.777	1914.25
87	1	414.188	935.21	1907.34
87	2	425.702	718.458	1907.34
87	3	405.702	371.088	1907.34
87	4	238.188	188.336	1886.4
87	5	126.091	64.7689	1886.35
87	6	-176.006	151.336	1886.35
87	7	-244.52	305.088	1886.35
87	8	-374.52	618.458	1886.35
87	9	-383.006	665.209	1886.35
88	0	396.091	960.777	1880.44
88	1	414.188	935.21	1880.44
88	2	425.702	718.458	1880.44
88	3	379.702	371.088	1880.44
88	4	238.188	188.336	1866.12
88	5	126.091	64.7689	1866.12
88	6	-176.006	151.336	1866.12
88	7	-244.52	305.088	1866.12
88	8	-374.52	618.458	1866.12
88	9	-383.006	665.209	1866.12
89	0	396.091	960.777	1866.12
89	1	414.188	935.21	1866.12
89	2	402.702	706.458	1866.12
89	3	362.702	346.088	1863.86
89	4	238.188	188.336	1860.12
89	5	99.0908	66.7689	1860.12
89	6	-176.006	151.336	1851.56
89	7	-244.52	305.088	1851.56
89	8	-374.52	618.458	1851.56
89	9	-375.006	647.209	1851.56
90	0	396.091	960.777	1832.8
90	1	414.188	935.21	1832.8
90	2	402.702	706.458	1832.8
90	3	362.702	346.088	1832.8
90	4	238.188	188.336	1832.8
90	5	77.0908	66.7689	1832.8
90	6	-169.006	180.336	1828.94
90	7	-223.52	284.088	1810.62
90	8	-374.52	618.458	1809.62
90	9	-375.006	647.209	1809.62
91	0	396.091	960.777	1809.62
91	1	414.188	935.21	1809.62
91	2	402.702	706.458	1809.62
91	3	362.702	346.088	1809.62
91	4	233.188	190.336	1809.62
91	5	77.0908	66.7689	1808.48
91	6	-169.006	180.336	1808.48
91	7	-223.52	284.088	1808.48
91	8	-374.52	618.458	1808.48
91	9	-367.006	633.209	1808.48
92	0	396.091	960.777	1796.28
92	1	414.188	935.21	1796.28
92	2	402.702	706.458	1796.28
92	3	362.702	346.088	1796.28
92	4	244.188	204.336	1796.28
92	5	77.0908	66.7689	1795.83
92	6	-169.006	180.336	1795.83
92	7	-223.52	284.088	1795.83
92	8	-374.52	618.458	1795.83
92	9	-367.006	633.209	1795.83
93	0	396.091	960.777	1795.83
93	1	409.188	918.21	1795.83
93	2	395.702	680.458	1791.86
93	3	353.702	344.088	1791.55
93	4	244.188	204.336	1787.32
93	5	77.0908	66.7689	1787.32
93	6	-169.006	180.336	1787.32
93	7	-223.52	284.088	1787.32
93	8	-363.52	597.458	1787.32
93	9	-363.006	628.209	1783.02
94	0	396.091	960.777	1777.86
94	1	409.188	918.21	1777.86
94	2	381.702	693.458	1777.86
94	3	353.702	361.088	1777.66
94	4	244.188	204.336	1774.38
94	5	77.0908	66.7689	1774.38
94	6	-169.006	180.336	1774.38
94	7	-215.52	289.088	1774.38
94	8	-363.52	597.458	1774.29
94	9	-363.006	628.209	1774.29
95	0	396.091	960.777	1774.29
95	1	409.188	918.21	1774.29
95	2	388.702	676.458	1774.29
95	3	343.702	362.088	1774.24
95	4	244.188	204.336	1769.81
95	5	77.0908	66.7689	1769.81
95	6	-146.006	164.336	1769.81
95	7	-198.52	268.088	1766.8
95	8	-363.52	597.458	1766.61
95	9	-346.006	616.209	1766.61
96	0	396.091	960.777	1761.52
96	1	409.188	918.21	1761.52
96	2	388.702	676.458	1761.52
96	3	343.702	362.088	1761.52
96	4	244.188	204.336	1761.52
96	5	77.0908	66.7689	1761.52
96	6	-146.006	164.336	1761.52
96	7	-198.52	268.088	1761.52
96	8	-363.52	597.458	1761.52
96	9	-346.006	616.209	1761.52
97	0	396.091	960.777	1761.52
97	1	409.188	918.21	1761.52
97	2	379.702	696.458	1761.52
97	3	343.702	362.088	1761.33
97	4	244.188	204.336	1761.33
97	5	77.0908	66.7689	1761.33
97	6	-146.006	164.336	1761.33
97	7	-198.52	268.088	1761.33
97	8	-363.52	597.458	1761.33
97	9	-346.006	616.209	1761.33
98	0	389.091	942.777	1761.33
98	1	388.188	893.21	1748.53
98	2	379.702	696.458	1739.6
98	3	343.702	362.088	1739.6
98	4	244.188	204.336	1739.6
98	5	77.0908	66.7689	1739.6
98	6	-153.006	177.336	1739.6
98	7	-198.52	268.088	1736.63
98	8	-363.52	583.458	1736.63
98	9	-346.006	616.209	1735.64
99	0	371.091	923.777	1735.64
99	1	388.188	893.21	1721.09
99	2	374.702	669.458	1721.09
99	3	343.702	362.088	1720.94
99	4	244.188	204.336	1720.94
99	5	77.0908	66.7689	1720.94
99	6	-153.006	177.336	1720.94
99	7	-198.52	268.088	1720.94
99	8	-363.52	583.458	1720.94
99	9	-346.006	616.209	1720.94
100	0	371.091	923.777	1720.94
100	1	388.188	893.21	1720.94
100	2	374.702	669.458	1720.94
100	3	343.702	362.088	1720.94
100	4	244.188	204.336	1720.94
100	5	77.0908	66.7689	1720.94
100	6	-138.006	169.336	1720.94
100	7	-204.52	293.088	1718.25
100	8	-363.52	583.458	1718.05
100	9	-346.006	616.209	1718.05
101	0	371.091	923.777	1718.05
101	1	381.188	904.21	1718.05
101	2	374.702	669.458	1715.73
101	3	343.702	362.088	1715.73
101	4	244.188	204.336	1715.73
101	5	58.0908	71.7689	1715.73
101	6	-122.006	155.336	1708.51
101	7	-211.52	320.088	1708.1
101	8	-363.52	583.458	1708.06
101	9	-346.006	616.209	1708.06
102	0	371.091	923.777	1708.06
102	1	381.188	904.21	1708.06
102	2	374.702	669.458	1708.06
102	3	343.702	362.088	1708.06
102	4	244.188	204.336	1708.06
102	5	58.0908	71.7689	1708.06
102	6	-122.006	155.336	1708.06
102	7	-211.52	320.088	1708.06
102	8	-363.52	583.458	1708.06
102	9	-346.006	616.209	1708.06
103	0	371.091	923.777	1708.06
103	1	372.188	910.21	1708.06
103	2	371.702	667.458	1705.58
103	3	343.702	362.088	1705.28
103	4	244.188	204.336	1705.28
103	5	58.0908	71.7689	1705.28
103	6	-122.006	155.336	1705.28
103	7	-211.52	320.088	1705.28
103	8	-358.52	566.458	1705.28
103	9	-344.006	609.209	1702.25
104	0	371.091	923.777	1696.1
104	1	372.188	910.21	1696.1
104	2	358.702	651.458	1696.1
104	3	337.702	350.088	1695.56
104	4	244.188	204.336	1694.55
104	5	58.0908	71.7689	1694.55
104	6	-141.006	185.336	1694.55
104	7	-211.52	320.088	1689.81
104	8	-358.52	566.458	1689.81
104	9	-344.006	609.209	1689.81
105	0	371.091	923.777	1689.81
105	1	372.188	910.21	1689.81
105	2	358.702	651.458	1689.81
105	3	337.702	350.088	1689.81
105	4	222.188	193.336	1689.81
105	5	58.0908	71.7689	1687.09
105	6	-141.006	185.336	1687.09
105	7	-211.52	320.088	1687.09
105	8	-358.52	566.458	1687.09
105	9	-360.006	593.209	1687.09
106	0	371.091	923.777	1668.73
106	1	372.188	910.21	1668.73
106	2	358.702	651.458	1668.73
106	3	337.702	350.088	1668.73
106	4	222.188	193.336	1668.73
106	5	58.0908	71.7689	1668.73
106	6	-141.006	185.336	1668.73
106	7	-211.52	320.088	1668.73
106	8	-358.52	566.458	1668.73
106	9	-360.006	593.209	1668.73
107	0	371.091	923.777	1668.73
107	1	372.188	910.21	1668.73
107	2	358.702	651.458	1668.73
107	3	337.702	350.088	1668.73
107	4	222.188	193.336	1668.73
107	5	58.0908	71.7689	1668.73
107	6	-141.006	185.336	1668.73
107	7	-239.52	348.088	1668.73
107	8	-358.52	566.458	1668.69
107	9	-360.006	593.209	1668.69
108	0	371.091	923.777	1668.69
108	1	372.188	910.21	1668.69
108	2	358.702	651.458	1668.69
108	3	337.702	350.088	1668.69
108	4	222.188	193.336	1668.69
108	5	58.0908	71.7689	1668.69
108	6	-141.006	185.336	1668.69
108	7	-239.52	348.088	1668.69
108	8	-345.52	566.458	1668.69
108	9	-360.006	593.209	1666.37
109	0	371.091	923.777	1666.37
109	1	372.188	910.21	1666.37
109	2	358.702	651.458	1666.37
109	3	337.702	350.088	1666.37
109	4	222.188	193.336	1666.37
109	5	38.0908	79.7689	1666.37
109	6	-141.006	185.336	1657.14
109	7	-220.52	336.088	1657.14
109	8	-345.52	566.458	1656.69
109	9	-360.006	593.209	1656.69
110	0	371.091	923.777	1656.69
110	1	369.188	889.21	1656.69
110	2	358.702	651.458	1656.58
110	3	337.702	350.088	1656.58
110	4	222.188	193.336	1656.58
110	5	38.0908	79.7689	1656.58
110	6	-118.006	177.336	1656.58
110	7	-220.52	336.088	1651.3
110	8	-345.52	566.458	1651.3
110	9	-348.006	572.209	1651.3
111	0	371.091	923.777	1627.15
111	1	369.188	889.21	1627.15
111	2	358.702	651.458	1627.15
111	3	337.702	350.088	1627.15
111	4	222.188	193.336	1627.15
111	5	38.0908	79.7689	1627.15
111	6	-118.006	177.336	1627.15
111	7	-220.52	336.088	1627.15
111	8	-345.52	566.458	1627.15
111	9	-348.006	572.209	1627.15
112	0	369.091	901.777	1627.15
112	1	369.188	889.21	1605.09
112	2	358.702	651.458	1605.09
112	3	337.702	350.088	1605.09
112	4	222.188	193.336	1605.09
112	5	38.0908	79.7689	1605.09
112	6	-118.006	177.336	1605.09
112	7	-220.52	336.088	1605.09
112	8	-345.52	566.458	1605.09
112	9	-348.006	572.209	1605.09
113	0	369.091	901.777	1605.09
113	1	369.188	889.21	1605.09
113	2	358.702	651.458	1605.09
113	3	337.702	350.088	1605.09
113	4	222.188	193.336	1605.09
113	5	38.0908	79.7689	1605.09
113	6	-118.006	177.336	1605.09
113	7	-220.52	336.088	1605.09
113	8	-345.52	566.458	1605.09
113	9	-348.006	572.209	1605.09
114	0	369.091	901.777	1605.09
114	1	369.188	889.21	1605.09
114	2	358.702	651.458	1605.09
114	3	337.702	350.088	1605.09
114	4	222.188	193.336	1605.09
114	5	38.0908	79.7689	1605.09
114	6	-118.006	177.336	1605.09
114	7	-220.52	336.088	1605.09
114	8	-345.52	566.458	1605.09
114	9	-348.006	572.209	1605.09
115	0	369.091	901.777	1605.09
115	1	369.188	889.21	1605.09
115	2	358.702	651.458	1605.09
115	3	337.702	350.088	1605.09
115	4	222.188	193.336	1605.09
115	5	38.0908	79.7689	1605.09
115	6	-118.006	177.336	1605.09
115	7	-220.52	336.088	1605.09
115	8	-345.52	566.458	1605.09
115	9	-348.006	572.209	1605.09
116	0	369.091	901.777	1605.09
116	1	369.188	889.21	1605.09
116	2	358.702	651.458	1605.09
116	3	329.702	335.088	1605.09
116	4	239.188	220.336	1603.89
116	5	38.0908	79.7689	1601.17
116	6	-131.006	192.336	1601.17
116	7	-220.52	336.088	1600.6
116	8	-345.52	566.458	1600.6
116	9	-348.006	572.209	1600.6
117	0	369.091	901.777	1600.6
117	1	369.188	889.21	1600.6
117	2	358.702	651.458	1600.6
117	3	329.702	335.088	1600.6
117	4	239.188	220.336	1600.6
117	5	38.0908	79.7689	1600.6
117	6	-131.006	192.336	1600.6
117	7	-220.52	336.088	1600.6
117	8	-345.52	566.458	1600.6
117	9	-348.006	572.209	1600.6
118	0	369.091	901.777	1600.6
118	1	369.188	889.21	1600.6
118	2	358.702	651.458	1600.6
118	3	329.702	335.088	1600.6
118	4	239.188	220.336	1600.6
118	5	38.0908	79.7689	1600.6
118	6	-131.006	192.336	1600.6
118	7	-220.52	336.088	1600.6
118	8	-345.52	566.458	1600.6
118	9	-348.006	572.209	1600.6
119	0	369.091	901.777	1600.6
119	1	369.188	889.21	1600.6
119	2	358.702	651.458	1600.6
119	3	329.702	335.088	1600.6
119	4	239.188	220.336	1600.6
119	5	38.0908	79.7689	1600.6
119	6	-131.006	192.336	1600.6
119	7	-220.52	336.088	1600.6
119	8	-345.52	566.458	1600.6
119	9	-348.006	572.209	1600.6
120	0	369.091	901.777	1600.6
120	1	369.188	889.21	1600.6
120	2	358.702	651.458	1600.6
120	3	329.702	335.088	1600.6
120	4	239.188	220.336	1600.6
120	5	38.0908	79.7689	1600.6
120	6	-131.006	192.336	1600.6
120	7	-205.52	317.088	1600.6
120	8	-345.52	566.458	1600.45
120	9	-348.006	572.209	1600.45
121	0	369.091	901.777	1600.45
121	1	369.188	889.21	1600.45
121	2	358.702	651.458	1600.45
121	3	329.702	335.088	1600.45
121	4	239.188	220.336	1600.45
121	5	38.0908	79.7689	1600.45
121	6	-131.006	192.336	1600.45
121	7	-205.52	317.088	1600.45
121	8	-345.52	566.458	1600.45
121	9	-348.006	572.209	1600.45
122	0	369.091	901.777	1600.45
122	1	369.188	889.21	1600.45
122	2	348.702	629.458	1600.45
122	3	329.702	335.088	1600.31
122	4	239.188	220.336	1600.31
122	5	38.0908	79.7689	1600.31
122	6	-131.006	192.336	1600.31
122	7	-204.52	318.088	1600.31
122	8	-345.52	566.458	1600.29
122	9	-348.006	572.209	1600.29
123	0	369.091	901.777	1600.29
123	1	369.188	889.21	1600.29
123	2	348.702	629.458	1600.29
123	3	329.702	335.088	1600.29
123	4	239.188	220.336	1600.29
123	5	38.0908	79.7689	1600.29
123	6	-131.006	192.336	1600.29
123	7	-204.52	318.088	1600.29
123	8	-345.52	566.458	1600.29
123	9	-348.006	572.209	1600.29
124	0	369.091	901.777	1600.29
124	1	369.188	889.21	1600.29
124	2	348.702	629.458	1600.29
124	3	329.702	335.088	1600.29
124	4	239.188	220.336	1600.29
124	5	38.0908	79.7689	1600.29
124	6	-132.006	200.336	1600.29
124	7	-204.52	318.088	1598.27
124	8	-345.52	566.458	1598.27
124	9	-348.006	572.209	1598.27
125	0	369.091	901.777	1598.27
125	1	369.188	889.21	1598.27
125	2	348.702	629.458	1598.27
125	3	329.702	335.088	1598.27
125	4	239.188	220.336	1598.27
125	5	10.0908	88.7689	1598.27
125	6	-132.006	200.336	1589.27
125	7	-204.52	318.088	1589.27
125	8	-345.52	566.458	1589.27
125	9	-348.006	572.209	1589.27
126	0	369.091	901.777	1589.27
126	1	369.188	889.21	1589.27
126	2	348.702	629.458	1589.27
126	3	329.702	335.088	1589.27
126	4	239.188	220.336	1589.27
126	5	8.09084	89.7689	1589.27
126	6	-132.006	200.336	1588.32
126	7	-204.52	318.088	1588.32
126	8	-345.52	566.458	1588.32
126	9	-348.006	572.209	1588.32
127	0	369.091	894.777	1588.32
127	1	369.188	889.21	1581.32
127	2	348.702	629.458	1581.32
127	3	329.702	335.088	1581.32
127	4	239.188	220.336	1581.32
127	5	8.09084	89.7689	1581.32
127	6	-132.006	200.336	1581.32
127	7	-211.52	332.088	1581.32
127	8	-345.52	566.458	1581.29
127	9	-348.006	572.209	1581.29
128	0	369.091	894.777	1581.29
128	1	369.188	889.21	1581.29
128	2	348.702	629.458	1581.29
128	3	329.702	335.088	1581.29
128	4	239.188	220.336	1581.29
128	5	8.09084	89.7689	1581.29
128	6	-132.006	200.336	1581.29
128	7	-211.52	332.088	1581.29
128	8	-345.52	566.458	1581.29
128	9	-348.006	572.209	1581.29
129	0	369.091	894.777	1581.29
129	1	369.188	889.21	1581.29
129	2	348.702	629.458	1581.29
129	3	329.702	335.088	1581.29
129	4	239.188	220.336	1581.29
129	5	8.09084	89.7689	1581.29
129	6	-117.006	200.336	1581.29
129	7	-208.52	359.088	1578.03
129	8	-345.52	566.458	1577.69
129	9	-341.006	570.209	1577.69
130	0	369.091	894.777	1577.3
130	1	369.188	889.21	1577.3
130	2	348.702	629.458	1577.3
130	3	329.702	335.088	1577.3
130	4	239.188	220.336	1577.3
130	5	8.09084	89.7689	1577.3
130	6	-117.006	200.336	1577.3
130	7	-208.52	359.088	1577.3
130	8	-345.52	566.458	1577.3
130	9	-341.006	570.209	1577.3
131	0	369.091	894.777	1577.3
131	1	369.188	889.21	1577.3
131	2	348.702	629.458	1577.3
131	3	329.702	335.088	1577.3
131	4	239.188	220.336	1577.3
131	5	8.09084	89.7689	1577.3
131	6	-107.006	223.336	1577.3
131	7	-202.52	359.088	1572.93
131	8	-345.52	566.458	1572.76
131	9	-341.006	570.209	1572.76
132	0	369.091	894.777	1572.76
132	1	369.188	889.21	1572.76
132	2	351.702	633.458	1572.76
132	3	329.702	335.088	1572.75
132	4	239.188	220.336	1572.75
132	5	8.09084	89.7689	1572.75
132	6	-83.0058	198.336	1572.75
132	7	-188.52	349.088	1572.48
132	8	-326.52	537.458	1572.42
132	9	-341.006	570.209	1567.74
133	0	369.091	894.777	1567.74
133	1	369.188	889.21	1567.74
133	2	351.702	633.458	1567.74
133	3	329.702	335.088	1567.74
133	4	239.188	220.336	1567.74
133	5	8.09084	89.7689	1567.74
133	6	-83.0058	198.336	1567.74
133	7	-188.52	349.088	1567.74
133	8	-326.52	537.458	1567.74
133	9	-334.006	552.209	1567.74
134	0	369.091	894.777	1548.47
134	1	367.188	861.21	1548.47
134	2	351.702	633.458	1548.45
134	3	329.702	335.088	1548.45
134	4	239.188	220.336	1548.45
134	5	8.09084	89.7689	1548.45
134	6	-83.0058	198.336	1548.45
134	7	-188.52	349.088	1548.45
134	8	-326.52	537.458	1548.45
134	9	-334.006	552.209	1548.45
135	0	364.091	866.777	1548.45
135	1	361.188	837.21	1521.2
135	2	351.702	633.458	1520.23
135	3	329.702	335.088	1520.23
135	4	239.188	220.336	1520.23
135	5	8.09084	89.7689	1520.23
135	6	-83.0058	198.336	1520.23
135	7	-188.52	349.088	1520.23
135	8	-326.52	537.458	1520.23
135	9	-334.006	552.209	1520.23
136	0	364.091	866.777	1520.23
136	1	361.188	837.21	1520.23
136	2	351.702	633.458	1520.23
136	3	329.702	335.088	1520.23
136	4	239.188	220.336	1520.23
136	5	8.09084	89.7689	1520.23
136	6	-83.0058	198.336	1520.23
136	7	-188.52	349.088	1520.23
136	8	-326.52	537.458	1520.23
136	9	-334.006	552.209	1520.23
137	0	364.091	866.777	1520.23
137	1	361.188	837.21	1520.23
137	2	351.702	633.458	1520.23
137	3	329.702	335.088	1520.23
137	4	239.188	220.336	1520.23
137	5	8.09084	89.7689	1520.23
137	6	-83.0058	198.336	1520.23
137	7	-188.52	349.088	1520.23
137	8	-326.52	537.458	1520.23
137	9	-334.006	552.209	1520.23
138	0	364.091	866.777	1520.23
138	1	361.188	837.21	1520.23
138	2	346.702	649.458	1520.23
138	3	329.702	335.088	1520.22
138	4	239.188	220.336	1520.22
138	5	8.09084	89.7689	1520.22
138	6	-83.0058	198.336	1520.22
138	7	-188.52	349.088	1520.22
138	8	-326.52	537.458	1520.22
138	9	-334.006	552.209	1520.22
139	0	364.091	866.777	1520.22
139	1	361.188	837.21	1520.22
139	2	346.702	649.458	1520.22
139	3	329.702	335.088	1520.22
139	4	239.188	220.336	1520.22
139	5	8.09084	89.7689	1520.22
139	6	-83.0058	198.336	1520.22
139	7	-188.52	349.088	1520.22
139	8	-326.52	537.458	1520.22
139	9	-334.006	552.209	1520.22
140	0	364.091	866.777	1520.22
140	1	361.188	837.21	1520.22
140	2	346.702	649.458	1520.22
140	3	329.702	335.088	1520.22
140	4	239.188	220.336	1520.22
140	5	8.09084	89.7689	1520.22
140	6	-83.0058	198.336	1520.22
140	7	-203.52	366.088	1520.22
140	8	-326.52	537.458	1520.19
140	9	-334.006	552.209	1520.19
141	0	358.091	838.777	1520.19
141	1	361.188	837.21	1493.96
141	2	346.702	649.458	1493.96
141	3	329.702	335.088	1493.96
141	4	239.188	220.336	1493.96
141	5	8.09084	89.7689	1493.96
141	6	-103.006	224.336	1493.96
141	7	-203.52	366.088	1493.95
141	8	-326.52	537.458	1493.95
141	9	-334.006	552.209	1493.95
142	0	358.091	838.777	1493.95
142	1	363.188	824.21	1493.95
142	2	346.702	649.458	1493.13
142	3	329.702	335.088	1493.13
142	4	239.188	220.336	1493.13
142	5	8.09084	89.7689	1493.13
142	6	-103.006	224.336	1493.13
142	7	-203.52	366.088	1493.13
142	8	-326.52	537.458	1493.13
142	9	-334.006	552.209	1493.13
143	0	358.091	838.777	1493.13
143	1	363.188	824.21	1493.13
143	2	346.702	649.458	1493.13
143	3	329.702	335.088	1493.13
143	4	239.188	220.336	1493.13
143	5	8.09084	89.7689	1493.13
143	6	-103.006	224.336	1493.13
143	7	-203.52	366.088	1493.13
143	8	-320.52	530.458	1493.13
143	9	-322.006	540.209	1493
144	0	358.091	838.777	1477.27
144	1	363.188	824.21	1477.27
144	2	346.702	649.458	1477.27
144	3	329.702	335.088	1477.27
144	4	239.188	220.336	1477.27
144	5	8.09084	89.7689	1477.27
144	6	-103.006	224.336	1477.27
144	7	-203.52	366.088	1477.27
144	8	-320.52	530.458	1477.27
144	9	-322.006	540.209	1477.27
145	0	358.091	838.777	1477.27
145	1	363.188	824.21	1477.27
145	2	346.702	649.458	1477.27
145	3	329.702	335.088	1477.27
145	4	239.188	220.336	1477.27
145	5	8.09084	89.7689	1477.27
145	6	-103.006	224.336	1477.27
145	7	-203.52	366.088	1477.27
145	8	-320.52	530.458	1477.27
145	9	-322.006	540.209	1477.27
146	0	358.091	838.777	1477.27
146	1	363.188	824.21	1477.27
146	2	346.702	649.458	1477.27
146	3	329.702	335.088	1477.27
146	4	239.188	220.336	1477.27
146	5	8.09084	89.7689	1477.27
146	6	-103.006	224.336	1477.27
146	7	-203.52	366.088	1477.27
146	8	-320.52	530.458	1477.27
146	9	-322.006	540.209	1477.27
147	0	358.091	838.777	1477.27
147	1	363.188	824.21	1477.27
147	2	346.702	649.458	1477.27
147	3	329.702	335.088	1477.27
147	4	239.188	220.336	1477.27
147	5	8.09084	89.7689	1477.27
147	6	-103.006	224.336	1477.27
147	7	-203.52	366.088	1477.27
147	8	-320.52	530.458	1477.27
147	9	-322.006	540.209	1477.27
148	0	358.091	838.777	1477.27
148	1	363.188	824.21	1477.27
148	2	346.702	649.458	1477.27
148	3	329.702	335.088	1477.27
148	4	239.188	220.336	1477.27
148	5	8.09084	89.7689	1477.27
148	6	-107.006	237.336	1477.27
148	7	-203.52	366.088	1477.05
148	8	-320.52	530.458	1477.05
148	9	-322.006	540.209	1477.05
149	0	358.091	838.777	1477.05
149	1	363.188	824.21	1477.05
149	2	346.702	649.458	1477.05
149	3	329.702	335.088	1477.05
149	4	239.188	220.336	1477.05
149	5	8.09084	89.7689	1477.05
149	6	-107.006	237.336	1477.05
149	7	-203.52	366.088	1477.05
149	8	-320.52	530.458	1477.05
149	9	-322.006	540.209	1477.05
150	0	358.091	838.777	1477.05
150	1	363.188	824.21	1477.05
150	2	346.702	649.458	1477.05
150	3	329.702	335.088	1477.05
150	4	239.188	220.336	1477.05
150	5	8.09084	96.7689	1477.05
150	6	-107.006	237.336	1468.21
150	7	-203.52	366.088	1468.21
150	8	-320.52	530.458	1468.21
150	9	-322.006	540.209	1468.21
151	0	358.091	838.777	1468.21
151	1	363.188	824.21	1468.21
151	2	346.702	649.458	1468.21
151	3	329.702	335.088	1468.21
151	4	239.188	220.336	1468.21
151	5	8.09084	96.7689	1468.21
151	6	-115.006	248.336	1468.21
151	7	-199.52	362.088	1468.19
151	8	-320.52	530.458	1468.17
151	9	-322.006	540.209	1468.17
152	0	360.091	832.777	1468.17
152	1	363.188	824.21	1461.85
152	2	346.702	649.458	1461.85
152	3	329.702	335.088	1461.85
152	4	239.188	220.336	1461.85
152	5	8.09084	96.7689	1461.85
152	6	-115.006	248.336	1461.85
152	7	-199.52	362.088	1461.85
152	8	-320.52	530.458	1461.85
152	9	-316.006	532.209	1461.85
153	0	360.091	832.777	1456.83
153	1	363.188	824.21	1456.83
153	2	346.702	649.458	1456.83
153	3	329.702	335.088	1456.83
153	4	239.188	220.336	1456.83
153	5	8.09084	96.7689	1456.83
153	6	-115.006	248.336	1456.83
153	7	-199.52	362.088	1456.83
153	8	-305.52	511.458	1456.83
153	9	-316.006	532.209	1451.06
154	0	360.091	832.777	1451.06
154	1	358.188	796.21	1451.06
154	2	346.702	649.458	1450.24
154	3	329.702	335.088	1450.24
154	4	239.188	220.336	1450.24
154	5	8.09084	96.7689	1450.24
154	6	-115.006	248.336	1450.24
154	7	-199.52	362.088	1450.24
154	8	-305.52	511.458	1450.24
154	9	-316.006	532.209	1450.24
155	0	360.091	832.777	1450.24
155	1	358.188	796.21	1450.24
155	2	346.702	649.458	1450.24
155	3	329.702	335.088	1450.24
155	4	239.188	220.336	1450.24
155	5	8.09084	96.7689	1450.24
155	6	-115.006	248.336	1450.24
155	7	-199.52	362.088	1450.24
155	8	-305.52	511.458	1450.24
155	9	-316.006	532.209	1450.24
156	0	343.091	821.777	1450.24
156	1	358.188	796.21	1443.31
156	2	346.702	649.458	1443.31
156	3	325.702	328.088	1443.31
156	4	252.188	233.336	1442.57
156	5	8.09084	96.7689	1441.96
156	6	-115.006	248.336	1441.96
156	7	-199.52	362.088	1441.96
156	8	-305.52	511.458	1441.96
156	9	-316.006	532.209	1441.96
157	0	343.091	821.777	1441.96
157	1	358.188	796.21	1441.96
157	2	346.702	649.458	1441.96
157	3	325.702	328.088	1441.96
157	4	259.188	241.336	1441.96
157	5	8.09084	96.7689	1441.38
157	6	-115.006	248.336	1441.38
157	7	-199.52	362.088	1441.38
157	8	-305.52	511.458	1441.38
157	9	-316.006	532.209	1441.38
158	0	358.091	818.777	1441.38
158	1	358.188	796.21	1434.26
158	2	346.702	649.458	1434.26
158	3	325.702	328.088	1434.26
158	4	259.188	241.336	1434.26
158	5	8.09084	96.7689	1434.26
158	6	-115.006	248.336	1434.26
158	7	-199.52	362.088	1434.26
158	8	-305.52	511.458	1434.26
158	9	-316.006	532.209	1434.26
159	0	358.091	818.777	1434.26
159	1	358.188	796.21	1434.26
159	2	346.702	649.458	1434.26
159	3	325.702	328.088	1434.26
159	4	250.188	235.336	1434.26
159	5	8.09084	96.7689	1433.75
159	6	-115.006	248.336	1433.75
159	7	-199.52	362.088	1433.75
159	8	-305.52	511.458	1433.75
159	9	-316.006	532.209	1433.75
160	0	358.091	818.777	1433.75
160	1	358.188	796.21	1433.75
160	2	346.702	649.458	1433.75
160	3	325.702	328.088	1433.75
160	4	250.188	235.336	1433.75
160	5	8.09084	96.7689	1433.75
160	6	-128.006	270.336	1433.75
160	7	-199.52	362.088	1433.68
160	8	-305.52	511.458	1433.68
160	9	-316.006	532.209	1433.68
161	0	353.091	797.777	1433.68
161	1	358.188	796.21	1416.44
161	2	346.702	649.458	1416.44
161	3	325.702	328.088	1416.44
161	4	250.188	235.336	1416.44
161	5	8.09084	96.7689	1416.44
161	6	-128.006	270.336	1416.44
161	7	-199.52	362.088	1416.44
161	8	-305.52	511.458	1416.44
161	9	-316.006	532.209	1416.44
162	0	353.091	797.777	1416.44
162	1	358.188	796.21	1416.44
162	2	346.702	649.458	1416.44
162	3	325.702	328.088	1416.44
162	4	250.188	235.336	1416.44
162	5	8.09084	96.7689	1416.44
162	6	-128.006	270.336	1416.44
162	7	-199.52	362.088	1416.44
162	8	-305.52	511.458	1416.44
162	9	-316.006	532.209	1416.44
163	0	353.091	797.777	1416.44
163	1	358.188	796.21	1416.44
163	2	346.702	649.458	1416.44
163	3	325.702	328.088	1416.44
163	4	250.188	235.336	1416.44
163	5	8.09084	96.7689	1416.44
163	6	-128.006	270.336	1416.44
163	7	-199.52	362.088	1416.44
163	8	-305.52	511.458	1416.44
163	9	-316.006	532.209	1416.44
164	0	353.091	797.777	1416.44
164	1	358.188	767.21	1416.44
164	2	350.702	649.458	1413.21
164	3	325.702	328.088	1413.17
164	4	250.188	235.336	1413.17
164	5	8.09084	96.7689	1413.17
164	6	-128.006	270.336	1413.17
164	7	-199.52	362.088	1413.17
164	8	-305.52	511.458	1413.17
164	9	-316.006	532.209	1413.17
165	0	354.091	782.777	1413.17
165	1	356.188	742.21	1398.28
165	2	350.702	649.458	1397.73
165	3	325.702	328.088	1397.73
165	4	250.188	235.336	1397.73
165	5	8.09084	96.7689	1397.73
165	6	-128.006	270.336	1397.73
165	7	-199.52	362.088	1397.73
165	8	-305.52	511.458	1397.73
165	9	-316.006	532.209	1397.73
166	0	354.091	782.777	1397.73
166	1	354.188	740.21	1397.73
166	2	350.702	649.458	1397.58
166	3	325.702	328.088	1397.58
166	4	250.188	235.336	1397.58
166	5	8.09084	96.7689	1397.58
166	6	-128.006	270.336	1397.58
166	7	-199.52	362.088	1397.58
166	8	-305.52	511.458	1397.58
166	9	-316.006	532.209	1397.58
167	0	354.091	782.777	1397.58
167	1	354.188	740.21	1397.58
167	2	350.702	649.458	1397.58
167	3	325.702	328.088	1397.58
167	4	250.188	235.336	1397.58
167	5	8.09084	96.7689	1397.58
167	6	-128.006	270.336	1397.58
167	7	-199.52	362.088	1397.58
167	8	-305.52	511.458	1397.58
167	9	-316.006	532.209	1397.58
168	0	354.091	782.777	1397.58
168	1	354.188	740.21	1397.58
168	2	350.702	649.458	1397.58
168	3	325.702	328.088	1397.58
168	4	252.188	245.336	1397.58
168	5	8.09084	96.7689	1395.47
168	6	-128.006	270.336	1395.47
168	7	-199.52	362.088	1395.47
168	8	-305.52	511.458	1395.47
168	9	-316.006	532.209	1395.47
169	0	354.091	782.777	1395.47
169	1	354.188	740.21	1395.47
169	2	350.702	649.458	1395.47
169	3	325.702	328.088	1395.47
169	4	264.188	258.336	1395.47
169	5	8.09084	97.7689	1394.83
169	6	-128.006	270.336	1393.52
169	7	-199.52	362.088	1393.52
169	8	-305.52	511.458	1393.52
169	9	-316.006	532.209	1393.52
170	0	354.091	782.777	1393.52
170	1	354.188	740.21	1393.52
170	2	350.702	649.458	1393.52
170	3	325.702	328.088	1393.52
170	4	264.188	258.336	1393.52
170	5	8.09084	97.7689	1393.52
170	6	-128.006	270.336	1393.52
170	7	-199.52	362.088	1393.52
170	8	-301.52	505.458	1393.52
170	9	-316.006	532.209	1393.48
171	0	354.091	782.777	1393.48
171	1	354.188	740.21	1393.48
171	2	345.702	652.458	1393.48
171	3	325.702	328.088	1393.47
171	4	264.188	258.336	1393.47
171	5	8.09084	97.7689	1393.47
171	6	-128.006	270.336	1393.47
171	7	-199.52	362.088	1393.47
171	8	-301.52	505.458	1393.47
171	9	-316.006	532.209	1393.47
172	0	354.091	782.777	1393.47
172	1	354.188	740.21	1393.47
172	2	349.702	650.458	1393.47
172	3	325.702	328.088	1393.45
172	4	264.188	258.336	1393.45
172	5	8.09084	97.7689	1393.45
172	6	-128.006	270.336	1393.45
172	7	-199.52	362.088	1393.45
172	8	-301.52	505.458	1393.45
172	9	-316.006	532.209	1393.45
173	0	354.091	782.777	1393.45
173	1	354.188	740.21	1393.45
173	2	349.702	650.458	1393.45
173	3	325.702	328.088	1393.45
173	4	264.188	258.336	1393.45
173	5	8.09084	97.7689	1393.45
173	6	-128.006	270.336	1393.45
173	7	-199.52	362.088	1393.45
173	8	-301.52	505.458	1393.45
173	9	-316.006	532.209	1393.45
174	0	354.091	782.777	1393.45
174	1	354.188	740.21	1393.45
174	2	349.702	650.458	1393.45
174	3	325.702	328.088	1393.45
174	4	264.188	258.336	1393.45
174	5	8.09084	97.7689	1393.45
174	6	-128.006	270.336	1393.45
174	7	-199.52	372.088	1393.45
174	8	-301.52	505.458	1393.44
174	9	-316.006	532.209	1393.44
175	0	354.091	782.777	1393.44
175	1	354.188	740.21	1393.44
175	2	349.702	650.458	1393.44
175	3	325.702	328.088	1393.44
175	4	264.188	258.336	1393.44
175	5	8.09084	97.7689	1393.44
175	6	-128.006	270.336	1393.44
175	7	-199.52	372.088	1393.44
175	8	-301.52	505.458	1393.44
175	9	-316.006	532.209	1393.44
176	0	354.091	782.777	1393.44
176	1	354.188	740.21	1393.44
176	2	349.702	650.458	1393.44
176	3	325.702	328.088	1393.44
176	4	264.188	258.336	1393.44
176	5	8.09084	97.7689	1393.44
176	6	-128.006	270.336	1393.44
176	7	-199.52	372.088	1393.44
176	8	-301.52	505.458	1393.44
176	9	-316.006	532.209	1393.44
177	0	354.091	782.777	1393.44
177	1	351.188	713.21	1393.44
177	2	348.702	672.458	1393.4
177	3	325.702	328.088	1393.34
177	4	264.188	258.336	1393.34
177	5	8.09084	97.7689	1393.34
177	6	-128.006	270.336	1393.34
177	7	-199.52	372.088	1393.34
177	8	-301.52	505.458	1393.34
177	9	-316.006	532.209	1393.34
178	0	354.091	779.777	1393.34
178	1	351.188	713.21	1390.34
178	2	348.702	672.458	1390.34
178	3	325.702	328.088	1390.34
178	4	264.188	258.336	1390.34
178	5	8.09084	97.7689	1390.34
178	6	-128.006	270.336	1390.34
178	7	-199.52	372.088	1390.34
178	8	-301.52	505.458	1390.34
178	9	-316.006	532.209	1390.34
179	0	354.091	779.777	1390.34
179	1	351.188	713.21	1390.34
179	2	348.702	672.458	1390.34
179	3	325.702	328.088	1390.34
179	4	264.188	258.336	1390.34
179	5	8.09084	97.7689	1390.34
179	6	-128.006	270.336	1390.34
179	7	-186.52	352.088	1390.34
179	8	-301.52	505.458	1390.3
179	9	-316.006	532.209	1390.3
180	0	354.091	779.777	1390.3
180	1	351.188	713.21	1390.3
180	2	348.702	672.458	1390.3
180	3	325.702	328.088	1390.3
180	4	264.188	258.336	1390.3
180	5	8.09084	97.7689	1390.3
180	6	-136.006	283.336	1390.3
180	7	-186.52	352.088	1390.24
180	8	-301.52	505.458	1390.24
180	9	-316.006	532.209	1390.24
181	0	354.091	779.777	1390.24
181	1	351.188	713.21	1390.24
181	2	348.702	672.458	1390.24
181	3	325.702	328.088	1390.24
181	4	264.188	258.336	1390.24
181	5	8.09084	97.7689	1390.24
181	6	-136.006	283.336	1390.24
181	7	-186.52	352.088	1390.24
181	8	-301.52	505.458	1390.24
181	9	-316.006	532.209	1390.24
182	0	354.091	779.777	1390.24
182	1	351.188	713.21	1390.24
182	2	348.702	672.458	1390.24
182	3	325.702	328.088	1390.24
182	4	264.188	258.336	1390.24
182	5	8.09084	97.7689	1390.24
182	6	-136.006	283.336	1390.24
182	7	-186.52	352.088	1390.24
182	8	-301.52	505.458	1390.24
182	9	-316.006	532.209	1390.24
183	0	354.091	779.777	1390.24
183	1	351.188	713.21	1390.24
183	2	348.702	672.458	1390.24
183	3	325.702	328.088	1390.24
183	4	264.188	258.336	1390.24
183	5	8.09084	97.7689	1390.24
183	6	-136.006	283.336	1390.24
183	7	-186.52	352.088	1390.24
183	8	-301.52	505.458	1390.24
183	9	-316.006	532.209	1390.24
184	0	354.091	779.777	1390.24
184	1	351.188	713.21	1390.24
184	2	348.702	672.458	1390.24
184	3	325.702	328.088	1390.24
184	4	264.188	258.336	1390.24
184	5	8.09084	97.7689	1390.24
184	6	-136.006	283.336	1390.24
184	7	-186.52	352.088	1390.24
184	8	-301.52	505.458	1390.24
184	9	-316.006	532.209	1390.24
185	0	354.091	779.777	1390.24
185	1	351.188	713.21	1390.24
185	2	348.702	672.458	1390.24
185	3	325.702	328.088	1390.24
185	4	264.188	258.336	1390.24
185	5	8.09084	97.7689	1390.24
185	6	-136.006	283.336	1390.24
185	7	-202.52	373.088	1390.24
185	8	-301.52	505.458	1390.24
185	9	-316.006	532.209	1390.24
186	0	354.091	779.777	1390.24
186	1	351.188	713.21	1390.24
186	2	348.702	672.458	1390.24
186	3	325.702	328.088	1390.24
186	4	264.188	258.336	1390.24
186	5	8.09084	97.7689	1390.24
186	6	-134.006	284.336	1390.24
186	7	-202.52	373.088	1390.22
186	8	-301.52	505.458	1390.22
186	9	-296.006	534.209	1390.22
187	0	354.091	779.777	1389.08
187	1	351.188	713.21	1389.08
187	2	348.702	672.458	1389.08
187	3	325.702	328.088	1389.08
187	4	264.188	258.336	1389.08
187	5	8.09084	97.7689	1389.08
187	6	-136.006	286.336	1389.08
187	7	-202.52	373.088	1389.08
187	8	-301.52	505.458	1389.08
187	9	-296.006	534.209	1389.08
188	0	354.091	779.777	1389.08
188	1	351.188	713.21	1389.08
188	2	348.702	672.458	1389.08
188	3	325.702	328.088	1389.08
188	4	264.188	258.336	1389.08
188	5	8.09084	97.7689	1389.08
188	6	-136.006	286.336	1389.08
188	7	-202.52	373.088	1389.08
188	8	-301.52	505.458	1389.08
188	9	-296.006	534.209	1389.08
189	0	354.091	779.777	1389.08
189	1	351.188	713.21	1389.08
189	2	348.702	672.458	1389.08
189	3	325.702	328.088	1389.08
189	4	264.188	258.336	1389.08
189	5	8.09084	97.7689	1389.08
189	6	-136.006	286.336	1389.08
189	7	-202.52	373.088	1389.08
189	8	-301.52	505.458	1389.08
189	9	-296.006	534.209	1389.08
190	0	354.091	779.777	1389.08
190	1	351.188	713.21	1389.08
190	2	348.702	672.458	1389.08
190	3	312.702	307.088	1389.08
190	4	264.188	258.336	1386.85
190	5	8.09084	97.7689	1386.85
190	6	-136.006	286.336	1386.85
190	7	-202.52	373.088	1386.85
190	8	-301.52	505.458	1386.85
190	9	-296.006	534.209	1386.85
191	0	354.091	779.777	1386.85
191	1	351.188	713.21	1386.85
191	2	348.702	672.458	1386.85
191	3	312.702	307.088	1386.85
191	4	264.188	258.336	1386.85
191	5	8.09084	97.7689	1386.85
191	6	-136.006	286.336	1386.85
191	7	-202.52	373.088	1386.85
191	8	-301.52	505.458	1386.85
191	9	-296.006	534.209	1386.85
192	0	354.091	779.777	1386.85
192	1	351.188	713.21	1386.85
192	2	348.702	672.458	1386.85
192	3	312.702	307.088	1386.85
192	4	291.188	286.336	1386.85
192	5	8.09084	97.7689	1385.85
192	6	-136.006	286.336	1385.85
192	7	-202.52	373.088	1385.85
192	8	-301.52	505.458	1385.85
192	9	-296.006	534.209	1385.85
193	0	354.091	779.777	1385.85
193	1	351.188	713.21	1385.85
193	2	348.702	672.458	1385.85
193	3	312.702	307.088	1385.85
193	4	291.188	286.336	1385.85
193	5	8.09084	97.7689	1385.85
193	6	-136.006	286.336	1385.85
193	7	-202.52	373.088	1385.85
193	8	-273.52	496.458	1385.85
193	9	-296.006	534.209	1377.56
194	0	354.091	779.777	1377.56
194	1	351.188	713.21	1377.56
194	2	348.702	672.458	1377.56
194	3	312.702	307.088	1377.56
194	4	291.188	286.336	1377.56
194	5	8.09084	97.7689	1377.56
194	6	-136.006	286.336	1377.56
194	7	-202.52	373.088	1377.56
194	8	-273.52	496.458	1377.56
194	9	-296.006	534.209	1377.56
195	0	354.091	779.777	1377.56
195	1	351.188	713.21	1377.56
195	2	348.702	672.458	1377.56
195	3	312.702	307.088	1377.56
195	4	291.188	286.336	1377.56
195	5	8.09084	97.7689	1377.56
195	6	-136.006	286.336	1377.56
195	7	-218.52	401.088	1377.56
195	8	-273.52	496.458	1377.33
195	9	-296.006	534.209	1377.33
196	0	354.091	779.777	1377.33
196	1	351.188	713.21	1377.33
196	2	348.702	672.458	1377.33
196	3	312.702	307.088	1377.33
196	4	291.188	286.336	1377.33
196	5	8.09084	97.7689	1377.33
196	6	-136.006	286.336	1377.33
196	7	-218.52	401.088	1377.33
196	8	-273.52	496.458	1377.33
196	9	-280.006	536.209	1377.33
197	0	354.091	779.777	1373.67
197	1	351.188	713.21	1373.67
197	2	348.702	672.458	1373.67
197	3	312.702	307.088	1373.67
197	4	291.188	286.336	1373.67
197	5	8.09084	97.7689	1373.67
197	6	-136.006	286.336	1373.67
197	7	-218.52	401.088	1373.67
197	8	-273.52	496.458	1373.67
197	9	-280.006	536.209	1373.67
198	0	354.091	779.777	1373.67
198	1	351.188	713.21	1373.67
198	2	348.702	672.458	1373.67
198	3	312.702	307.088	1373.67
198	4	291.188	286.336	1373.67
198	5	8.09084	97.7689	1373.67
198	6	-136.006	286.336	1373.67
198	7	-230.52	425.088	1373.67
198	8	-273.52	496.458	1373.44
198	9	-280.006	536.209	1373.44
199	0	354.091	779.777	1373.44
199	1	351.188	713.21	1373.44
199	2	348.702	672.458	1373.44
199	3	312.702	307.088	1373.44
199	4	291.188	286.336	1373.44
199	5	8.09084	97.7689	1373.44
199	6	-136.006	286.336	1373.44
199	7	-230.52	425.088	1373.44
199	8	-280.52	520.458	1373.44
199	9	-280.006	536.209	1373.29
200	0	354.091	779.777	1373.29
200	1	351.188	713.21	1373.29
200	2	348.702	672.458	1373.29
200	3	312.702	307.088	1373.29
200	4	291.188	286.336	1373.29
200	5	8.09084	97.7689	1373.29
200	6	-136.006	286.336	1373.29
200	7	-230.52	425.088	1373.29
200	8	-280.52	520.458	1373.29
200	9	-280.006	536.209	1373.29
201	0	354.091	779.777	1373.29
201	1	351.188	713.21	1373.29
201	2	348.702	672.458	1373.29
201	3	322.702	333.088	1373.29
201	4	291.188	286.336	1373
201	5	8.09084	97.7689	1373
201	6	-136.006	286.336	1373
201	7	-230.52	425.088	1373
201	8	-260.52	501.458	1373
201	9	-280.006	536.209	1371.45
202	0	354.091	779.777	1371.45
202	1	351.188	713.21	1371.45
202	2	348.702	672.458	1371.45
202	3	322.702	333.088	1371.45
202	4	291.188	286.336	1371.45
202	5	8.09084	97.7689	1371.45
202	6	-136.006	286.336	1371.45
202	7	-205.52	399.088	1371.45
202	8	-260.52	501.458	1370.18
202	9	-280.006	536.209	1370.18
203	0	354.091	779.777	1370.18
203	1	351.188	713.21	1370.18
203	2	348.702	672.458	1370.18
203	3	322.702	333.088	1370.18
203	4	291.188	286.336	1370.18
203	5	8.09084	97.7689	1370.18
203	6	-136.006	286.336	1370.18
203	7	-198.52	396.088	1370.18
203	8	-260.52	501.458	1370.08
203	9	-280.006	536.209	1370.08
204	0	354.091	779.777	1370.08
204	1	351.188	713.21	1370.08
204	2	348.702	672.458	1370.08
204	3	322.702	333.088	1370.08
204	4	291.188	286.336	1370.08
204	5	8.09084	97.7689	1370.08
204	6	-130.006	278.336	1370.08
204	7	-198.52	396.088	1370.01
204	8	-260.52	501.458	1370.01
204	9	-274.006	537.209	1370.01
205	0	354.091	779.777	1368.38
205	1	351.188	713.21	1368.38
205	2	348.702	672.458	1368.38
205	3	322.702	333.088	1368.38
205	4	291.188	286.336	1368.38
205	5	8.09084	97.7689	1368.38
205	6	-130.006	278.336	1368.38
205	7	-198.52	396.088	1368.38
205	8	-260.52	501.458	1368.38
205	9	-274.006	537.209	1368.38
206	0	354.091	779.777	1368.38
206	1	351.188	713.21	1368.38
206	2	348.702	672.458	1368.38
206	3	322.702	333.088	1368.38
206	4	291.188	286.336	1368.38
206	5	8.09084	97.7689	1368.38
206	6	-130.006	278.336	1368.38
206	7	-198.52	396.088	1368.38
206	8	-260.52	505.458	1368.38
206	9	-274.006	537.209	1368.13
207	0	354.091	779.777	1368.13
207	1	351.188	713.21	1368.13
207	2	348.702	672.458	1368.13
207	3	322.702	333.088	1368.13
207	4	291.188	286.336	1368.13
207	5	8.09084	97.7689	1368.13
207	6	-112.006	269.336	1368.13
207	7	-198.52	396.088	1367.46
207	8	-260.52	505.458	1367.46
207	9	-274.006	537.209	1367.46
208	0	339.091	776.777	1367.46
208	1	351.188	713.21	1365.54
208	2	348.702	672.458	1365.54
208	3	322.702	333.088	1365.54
208	4	291.188	286.336	1365.54
208	5	8.09084	97.7689	1365.54
208	6	-112.006	269.336	1365.54
208	7	-198.52	396.088	1365.54
208	8	-260.52	505.458	1365.54
208	9	-274.006	537.209	1365.54
209	0	339.091	776.777	1365.54
209	1	341.188	731.21	1365.54
209	2	348.702	672.458	1364.85
209	3	322.702	333.088	1364.85
209	4	291.188	286.336	1364.85
209	5	8.09084	97.7689	1364.85
209	6	-126.006	290.336	1364.85
209	7	-198.52	396.088	1364.84
209	8	-254.52	505.458	1364.84
209	9	-274.006	537.209	1364.75
210	0	339.091	776.777	1364.75
210	1	341.188	731.21	1364.75
210	2	348.702	672.458	1364.75
210	3	322.702	333.088	1364.75
210	4	291.188	286.336	1364.75
210	5	8.09084	97.7689	1364.75
210	6	-126.006	290.336	1364.75
210	7	-198.52	396.088	1364.75
210	8	-259.52	508.458	1364.75
210	9	-274.006	537.209	1364.68
211	0	339.091	776.777	1364.68
211	1	346.188	712.21	1364.68
211	2	348.702	672.458	1364.62
211	3	318.702	324.088	1364.62
211	4	291.188	286.336	1364.25
211	5	8.09084	97.7689	1364.25
211	6	-126.006	290.336	1364.25
211	7	-171.52	371.088	1364.25
211	8	-259.52	508.458	1364
211	9	-274.006	537.209	1364
212	0	339.091	776.777	1364
212	1	346.188	712.21	1364
212	2	348.702	672.458	1364
212	3	318.702	324.088	1364
212	4	291.188	286.336	1364
212	5	8.09084	97.7689	1364
212	6	-126.006	290.336	1364
212	7	-171.52	371.088	1364
212	8	-259.52	508.458	1364
212	9	-274.006	537.209	1364
213	0	339.091	776.777	1364
213	1	346.188	712.21	1364
213	2	348.702	672.458	1364
213	3	318.702	324.088	1364
213	4	291.188	286.336	1364
213	5	8.09084	97.7689	1364
213	6	-126.006	290.336	1364
213	7	-171.52	371.088	1364
213	8	-259.52	508.458	1364
213	9	-274.006	537.209	1364
214	0	339.091	776.777	1364
214	1	346.188	712.21	1364
214	2	348.702	672.458	1364
214	3	318.702	324.088	1364
214	4	291.188	286.336	1364
214	5	8.09084	97.7689	1364
214	6	-126.006	290.336	1364
214	7	-171.52	371.088	1364
214	8	-259.52	508.458	1364
214	9	-274.006	537.209	1364
215	0	339.091	776.777	1364
215	1	346.188	712.21	1364
215	2	348.702	672.458	1364
215	3	318.702	324.088	1364
215	4	291.188	286.336	1364
215	5	8.09084	97.7689	1364
215	6	-126.006	290.336	1364
215	7	-171.52	371.088	1364
215	8	-259.52	508.458	1364
215	9	-274.006	537.209	1364
216	0	339.091	776.777	1364
216	1	346.188	712.21	1364
216	2	348.702	672.458	1364
216	3	318.702	324.088	1364
216	4	291.188	286.336	1364
216	5	8.09084	97.7689	1364
216	6	-126.006	290.336	1364
216	7	-171.52	371.088	1364
216	8	-259.52	508.458	1364
216	9	-274.006	537.209	1364
217	0	339.091	776.777	1364
217	1	346.188	712.21	1364
217	2	346.702	689.458	1364
217	3	318.702	324.088	1363.71
217	4	291.188	286.336	1363.71
217	5	8.09084	97.7689	1363.71
217	6	-126.006	290.336	1363.71
217	7	-171.52	371.088	1363.71
217	8	-259.52	508.458	1363.71
217	9	-274.006	537.209	1363.71
218	0	339.091	776.777	1363.71
218	1	346.188	712.21	1363.71
218	2	346.702	689.458	1363.71
218	3	318.702	324.088	1363.71
218	4	291.188	286.336	1363.71
218	5	8.09084	97.7689	1363.71
218	6	-126.006	290.336	1363.71
218	7	-171.52	371.088	1363.71
218	8	-259.52	508.458	1363.71
218	9	-274.006	537.209	1363.71
219	0	339.091	776.777	1363.71
219	1	346.188	712.21	1363.71
219	2	346.702	689.458	1363.71
219	3	318.702	324.088	1363.71
219	4	291.188	286.336	1363.71
219	5	8.09084	97.7689	1363.71
219	6	-126.006	290.336	1363.71
219	7	-171.52	371.088	1363.71
219	8	-259.52	508.458	1363.71
219	9	-274.006	537.209	1363.71
220	0	339.091	776.777	1363.71
220	1	346.188	712.21	1363.71
220	2	346.702	689.458	1363.71
220	3	318.702	324.088	1363.71
220	4	291.188	286.336	1363.71
220	5	8.09084	97.7689	1363.71
220	6	-127.006	303.336	1363.71
220	7	-171.52	371.088	1363.41
220	8	-259.52	508.458	1363.41
220	9	-274.006	537.209	1363.41
221	0	339.091	776.777	1363.41
221	1	346.188	712.21	1363.41
221	2	346.702	689.458	1363.41
221	3	318.702	324.088	1363.41
221	4	291.188	286.336	1363.41
221	5	8.09084	97.7689	1363.41
221	6	-127.006	303.336	1363.41
221	7	-171.52	371.088	1363.41
221	8	-259.52	508.458	1363.41
221	9	-274.006	537.209	1363.41
222	0	339.091	776.777	1363.41
222	1	346.188	712.21	1363.41
222	2	346.702	689.458	1363.41
222	3	318.702	324.088	1363.41
222	4	291.188	286.336	1363.41
222	5	8.09084	97.7689	1363.41
222	6	-127.006	303.336	1363.41
222	7	-171.52	371.088	1363.41
222	8	-259.52	508.458	1363.41
222	9	-274.006	537.209	1363.41
223	0	339.091	776.777	1363.41
223	1	346.188	712.21	1363.41
223	2	346.702	689.458	1363.41
223	3	318.702	324.088	1363.41
223	4	291.188	286.336	1363.41
223	5	8.09084	97.7689	1363.41
223	6	-127.006	303.336	1363.41
223	7	-171.52	371.088	1363.41
223	8	-259.52	508.458	1363.41
223	9	-274.006	537.209	1363.41
224	0	339.091	776.777	1363.41
224	1	346.188	712.21	1363.41
224	2	346.702	689.458	1363.41
224	3	318.702	324.088	1363.41
224	4	291.188	286.336	1363.41
224	5	8.09084	97.7689	1363.41
224	6	-127.006	303.336	1363.41
224	7	-171.52	371.088	1363.41
224	8	-259.52	508.458	1363.41
224	9	-274.006	537.209	1363.41
225	0	339.091	776.777	1363.41
225	1	346.188	712.21	1363.41
225	2	343.702	684.458	1363.41
225	3	318.702	324.088	1363.31
225	4	291.188	286.336	1363.31
225	5	8.09084	97.7689	1363.31
225	6	-127.006	303.336	1363.31
225	7	-171.52	371.088	1363.31
225	8	-259.52	508.458	1363.31
225	9	-274.006	537.209	1363.31
226	0	339.091	776.777	1363.31
226	1	346.188	712.21	1363.31
226	2	343.702	684.458	1363.31
226	3	300.702	296.088	1363.31
226	4	291.188	286.336	1359.72
226	5	8.09084	97.7689	1359.72
226	6	-127.006	303.336	1359.72
226	7	-171.52	371.088	1359.72
226	8	-259.52	508.458	1359.72
226	9	-274.006	537.209	1359.72
227	0	339.091	776.777	1359.72
227	1	346.188	712.21	1359.72
227	2	343.702	684.458	1359.72
227	3	300.702	296.088	1359.72
227	4	291.188	286.336	1359.72
227	5	8.09084	97.7689	1359.72
227	6	-127.006	303.336	1359.72
227	7	-171.52	371.088	1359.72
227	8	-267.52	523.458	1359.72
227	9	-274.006	537.209	1359.68
228	0	339.091	776.777	1359.68
228	1	346.188	712.21	1359.68
228	2	343.702	684.458	1359.68
228	3	300.702	296.088	1359.68
228	4	291.188	286.336	1359.68
228	5	9.09084	98.7689	1359.68
228	6	-127.006	303.336	1358.01
228	7	-171.52	371.088	1358.01
228	8	-267.52	523.458	1358.01
228	9	-274.006	537.209	1358.01
229	0	339.091	776.777	1358.01
229	1	346.188	712.21	1358.01
229	2	343.702	684.458	1358.01
229	3	300.702	296.088	1358.01
229	4	291.188	286.336	1358.01
229	5	9.09084	98.7689	1358.01
229	6	-127.006	303.336	1358.01
229	7	-171.52	371.088	1358.01
229	8	-267.52	523.458	1358.01
229	9	-274.006	537.209	1358.01
230	0	339.091	776.777	1358.01
230	1	346.188	712.21	1358.01
230	2	343.702	684.458	1358.01
230	3	300.702	296.088	1358.01
230	4	291.188	286.336	1358.01
230	5	9.09084	98.7689	1358.01
230	6	-127.006	303.336	1358.01
230	7	-171.52	371.088	1358.01
230	8	-267.52	523.458	1358.01
230	9	-274.006	537.209	1358.01
231	0	339.091	776.777	1358.01
231	1	346.188	712.21	1358.01
231	2	343.702	684.458	1358.01
231	3	300.702	296.088	1358.01
231	4	291.188	286.336	1358.01
231	5	9.09084	98.7689	1358.01
231	6	-127.006	303.336	1358.01
231	7	-171.52	371.088	1358.01
231	8	-267.52	523.458	1358.01
231	9	-274.006	537.209	1358.01
232	0	339.091	776.777	1358.01
232	1	346.188	712.21	1358.01
232	2	343.702	684.458	1358.01
232	3	300.702	296.088	1358.01
232	4	291.188	286.336	1358.01
232	5	9.09084	98.7689	1358.01
232	6	-127.006	303.336	1358.01
232	7	-171.52	371.088	1358.01
232	8	-267.52	523.458	1358.01
232	9	-274.006	537.209	1358.01
233	0	339.091	776.777	1358.01
233	1	346.188	712.21	1358.01
233	2	343.702	684.458	1358.01
233	3	300.702	296.088	1358.01
233	4	291.188	286.336	1358.01
233	5	9.09084	98.7689	1358.01
233	6	-127.006	303.336	1358.01
233	7	-171.52	371.088	1358.01
233	8	-267.52	523.458	1358.01
233	9	-274.006	537.209	1358.01
234	0	329.091	772.777	1358.01
234	1	346.188	712.21	1355.99
234	2	343.702	684.458	1355.99
234	3	300.702	296.088	1355.99
234	4	291.188	286.336	1355.99
234	5	9.09084	98.7689	1355.99
234	6	-127.006	303.336	1355.99
234	7	-171.52	371.088	1355.99
234	8	-267.52	523.458	1355.99
234	9	-274.006	537.209	1355.99
235	0	329.091	772.777	1355.99
235	1	346.188	712.21	1355.99
235	2	343.702	684.458	1355.99
235	3	300.702	296.088	1355.99
235	4	291.188	286.336	1355.99
235	5	9.09084	98.7689	1355.99
235	6	-127.006	303.336	1355.99
235	7	-171.52	371.088	1355.99
235	8	-267.52	523.458	1355.99
235	9	-274.006	537.209	1355.99
236	0	328.091	770.777	1355.99
236	1	339.188	710.21	1354.36
236	2	343.702	684.458	1352.91
236	3	300.702	296.088	1352.91
236	4	291.188	286.336	1352.91
236	5	9.09084	98.7689	1352.91
236	6	-127.006	303.336	1352.91
236	7	-171.52	371.088	1352.91
236	8	-267.52	523.458	1352.91
236	9	-274.006	537.209	1352.91
237	0	328.091	770.777	1352.91
237	1	335.188	732.21	1352.91
237	2	343.702	684.458	1352.91
237	3	300.702	296.088	1352.91
237	4	291.188	286.336	1352.91
237	5	9.09084	98.7689	1352.91
237	6	-127.006	303.336	1352.91
237	7	-171.52	371.088	1352.91
237	8	-267.52	523.458	1352.91
237	9	-274.006	537.209	1352.91
238	0	328.091	770.777	1352.91
238	1	335.188	732.21	1352.91
238	2	343.702	684.458	1352.91
238	3	300.702	296.088	1352.91
238	4	291.188	286.336	1352.91
238	5	9.09084	98.7689	1352.91
238	6	-127.006	303.336	1352.91
238	7	-171.52	371.088	1352.91
238	8	-267.52	523.458	1352.91
238	9	-274.006	537.209	1352.91
239	0	328.091	770.777	1352.91
239	1	335.188	732.21	1352.91
239	2	343.702	684.458	1352.91
239	3	300.702	296.088	1352.91
239	4	291.188	286.336	1352.91
239	5	9.09084	98.7689	1352.91
239	6	-127.006	303.336	1352.91
239	7	-171.52	371.088	1352.91
239	8	-267.52	523.458	1352.91
239	9	-274.006	537.209	1352.91
240	0	328.091	770.777	1352.91
240	1	335.188	732.21	1352.91
240	2	343.702	684.458	1352.91
240	3	300.702	296.088	1352.91
240	4	291.188	286.336	1352.91
240	5	9.09084	98.7689	1352.91
240	6	-127.006	303.336	1352.91
240	7	-171.52	371.088	1352.91
240	8	-267.52	523.458	1352.91
240	9	-274.006	537.209	1352.91
241	0	328.091	770.777	1352.91
241	1	335.188	732.21	1352.91
241	2	343.702	684.458	1352.91
241	3	300.702	296.088	1352.91
241	4	291.188	286.336	1352.91
241	5	9.09084	98.7689	1352.91
241	6	-127.006	303.336	1352.91
241	7	-171.52	371.088	1352.91
241	8	-267.52	523.458	1352.91
241	9	-274.006	537.209	1352.91
242	0	328.091	770.777	1352.91
242	1	335.188	732.21	1352.91
242	2	343.702	684.458	1352.91
242	3	300.702	296.088	1352.91
242	4	291.188	286.336	1352.91
242	5	9.09084	98.7689	1352.91
242	6	-127.006	303.336	1352.91
242	7	-171.52	371.088	1352.91
242	8	-267.52	523.458	1352.91
242	9	-274.006	537.209	1352.91
243	0	328.091	770.777	1352.91
243	1	335.188	732.21	1352.91
243	2	343.702	684.458	1352.91
243	3	300.702	296.088	1352.91
243	4	291.188	286.336	1352.91
243	5	9.09084	98.7689	1352.91
243	6	-127.006	303.336	1352.91
243	7	-171.52	371.088	1352.91
243	8	-267.52	523.458	1352.91
243	9	-274.006	537.209	1352.91
244	0	328.091	770.777	1352.91
244	1	335.188	732.21	1352.91
244	2	343.702	684.458	1352.91
244	3	300.702	296.088	1352.91
244	4	266.188	271.336	1352.91
244	5	9.09084	98.7689	1352.64
244	6	-127.006	303.336	1352.64
244	7	-171.52	371.088	1352.64
244	8	-267.52	523.458	1352.64
244	9	-274.006	537.209	1352.64
245	0	328.091	770.777	1352.64
245	1	335.188	732.21	1352.64
245	2	343.702	684.458	1352.64
245	3	300.702	296.088	1352.64
245	4	266.188	271.336	1352.64
245	5	9.09084	98.7689	1352.64
245	6	-127.006	303.336	1352.64
245	7	-171.52	371.088	1352.64
245	8	-267.52	523.458	1352.64
245	9	-274.006	537.209	1352.64
246	0	328.091	770.777	1352.64
246	1	335.188	732.21	1352.64
246	2	343.702	684.458	1352.64
246	3	300.702	296.088	1352.64
246	4	266.188	271.336	1352.64
246	5	9.09084	98.7689	1352.64
246	6	-127.006	303.336	1352.64
246	7	-171.52	371.088	1352.64
246	8	-267.52	523.458	1352.64
246	9	-274.006	537.209	1352.64
247	0	328.091	770.777	1352.64
247	1	335.188	732.21	1352.64
247	2	343.702	684.458	1352.64
247	3	300.702	296.088	1352.64
247	4	266.188	271.336	1352.64
247	5	9.09084	98.7689	1352.64
247	6	-127.006	303.336	1352.64
247	7	-171.52	371.088	1352.64
247	8	-267.52	523.458	1352.64
247	9	-274.006	537.209	1352.64
248	0	328.091	770.777	1352.64
248	1	335.188	732.21	1352.64
248	2	343.702	684.458	1352.64
248	3	300.702	296.088	1352.64
248	4	266.188	271.336	1352.64
248	5	9.09084	98.7689	1352.64
248	6	-127.006	303.336	1352.64
248	7	-171.52	371.088	1352.64
248	8	-267.52	523.458	1352.64
248	9	-274.006	537.209	1352.64
249	0	328.091	770.777	1352.64
249	1	335.188	732.21	1352.64
249	2	332.702	691.458	1352.64
249	3	300.702	296.088	1350.88
249	4	266.188	271.336	1350.88
249	5	9.09084	98.7689	1350.88
249	6	-127.006	303.336	1350.88
249	7	-171.52	371.088	1350.88
249	8	-267.52	523.458	1350.88
249	9	-274.006	537.209	1350.88
250	0	312.091	763.777	1350.88
250	1	335.188	732.21	1350.78
250	2	332.702	691.458	1350.78
250	3	300.702	296.088	1350.78
250	4	266.188	271.336	1350.78
250	5	9.09084	98.7689	1350.78
250	6	-127.006	303.336	1350.78
250	7	-171.52	371.088	1350.78
250	8	-267.52	523.458	1350.78
250	9	-274.006	537.209	1350.78
251	0	312.091	763.777	1350.78
251	1	330.188	744.21	1350.78
251	2	332.702	691.458	1350.31
251	3	300.702	296.088	1350.31
251	4	266.188	271.336	1350.31
251	5	9.09084	98.7689	1350.31
251	6	-127.006	303.336	1350.31
251	7	-171.52	371.088	1350.31
251	8	-267.52	523.458	1350.31
251	9	-274.006	537.209	1350.31
252	0	312.091	763.777	1350.31
252	1	330.188	744.21	1350.31
252	2	327.702	700.458	1350.31
252	3	300.702	296.088	1349.92
252	4	266.188	271.336	1349.92
252	5	9.09084	98.7689	1349.92
252	6	-127.006	303.336	1349.92
252	7	-171.52	371.088	1349.92
252	8	-267.52	523.458	1349.92
252	9	-274.006	537.209	1349.92
253	0	312.091	763.777	1349.92
253	1	330.188	744.21	1349.92
253	2	327.702	700.458	1349.92
253	3	300.702	296.088	1349.92
253	4	266.188	271.336	1349.92
253	5	9.09084	98.7689	1349.92
253	6	-127.006	303.336	1349.92
253	7	-171.52	371.088	1349.92
253	8	-255.52	503.458	1349.92
253	9	-274.006	537.209	1349.89
254	0	312.091	763.777	1349.89
254	1	330.188	744.21	1349.89
254	2	327.702	700.458	1349.89
254	3	300.702	296.088	1349.89
254	4	266.188	271.336	1349.89
254	5	9.09084	98.7689	1349.89
254	6	-127.006	303.336	1349.89
254	7	-171.52	371.088	1349.89
254	8	-255.52	503.458	1349.89
254	9	-274.006	537.209	1349.89
255	0	312.091	763.777	1349.89
255	1	330.188	744.21	1349.89
255	2	327.702	700.458	1349.89
255	3	300.702	296.088	1349.89
255	4	266.188	271.336	1349.89
255	5	9.09084	98.7689	1349.89
255	6	-127.006	303.336	1349.89
255	7	-171.52	371.088	1349.89
255	8	-255.52	503.458	1349.89
255	9	-274.006	537.209	1349.89
256	0	312.091	763.777	1349.89
256	1	330.188	744.21	1349.89
256	2	327.702	700.458	1349.89
256	3	300.702	296.088	1349.89
256	4	266.188	271.336	1349.89
256	5	9.09084	98.7689	1349.89
256	6	-127.006	303.336	1349.89
256	7	-171.52	371.088	1349.89
256	8	-250.52	497.458	1349.89
256	9	-274.006	537.209	1349.83
257	0	312.091	763.777	1349.83
257	1	330.188	744.21	1349.83
257	2	327.702	700.458	1349.83
257	3	300.702	296.088	1349.83
257	4	266.188	271.336	1349.83
257	5	9.09084	98.7689	1349.83
257	6	-127.006	303.336	1349.83
257	7	-171.52	371.088	1349.83
257	8	-250.52	497.458	1349.83
257	9	-274.006	537.209	1349.83
258	0	312.091	763.777	1349.83
258	1	320.188	740.21	1349.83
258	2	327.702	700.458	1344.73
258	3	300.702	296.088	1344.73
258	4	266.188	271.336	1344.73
258	5	9.09084	98.7689	1344.73
258	6	-127.006	303.336	1344.73
258	7	-171.52	371.088	1344.73
258	8	-250.52	497.458	1344.73
258	9	-274.006	537.209	1344.73
259	0	312.091	763.777	1344.73
259	1	320.188	740.21	1344.73
259	2	327.702	700.458	1344.73
259	3	300.702	296.088	1344.73
259	4	266.188	271.336	1344.73
259	5	9.09084	98.7689	1344.73
259	6	-127.006	303.336	1344.73
259	7	-171.52	371.088	1344.73
259	8	-250.52	497.458	1344.73
259	9	-274.006	537.209	1344.73
260	0	312.091	763.777	1344.73
260	1	320.188	740.21	1344.73
260	2	319.702	675.458	1344.73
260	3	300.702	296.088	1343.61
260	4	266.188	271.336	1343.61
260	5	9.09084	98.7689	1343.61
260	6	-127.006	303.336	1343.61
260	7	-171.52	371.088	1343.61
260	8	-250.52	497.458	1343.61
260	9	-274.006	537.209	1343.61
261	0	312.091	763.777	1343.61
261	1	320.188	740.21	1343.61
261	2	319.702	675.458	1343.61
261	3	300.702	296.088	1343.61
261	4	266.188	271.336	1343.61
261	5	9.09084	98.7689	1343.61
261	6	-124.006	299.336	1343.61
261	7	-171.52	371.088	1343.6
261	8	-250.52	497.458	1343.6
261	9	-274.006	537.209	1343.6
262	0	312.091	763.777	1343.6
262	1	320.188	740.21	1343.6
262	2	319.702	675.458	1343.6
262	3	300.702	296.088	1343.6
262	4	266.188	271.336	1343.6
262	5	9.09084	98.7689	1343.6
262	6	-124.006	299.336	1343.6
262	7	-171.52	371.088	1343.6
262	8	-250.52	497.458	1343.6
262	9	-274.006	537.209	1343.6
263	0	312.091	763.777	1343.6
263	1	320.188	740.21	1343.6
263	2	319.702	675.458	1343.6
263	3	300.702	296.088	1343.6
263	4	266.188	271.336	1343.6
263	5	9.09084	98.7689	1343.6
263	6	-124.006	299.336	1343.6
263	7	-171.52	371.088	1343.6
263	8	-250.52	497.458	1343.6
263	9	-274.006	537.209	1343.6
264	0	312.091	763.777	1343.6
264	1	320.188	740.21	1343.6
264	2	319.702	675.458	1343.6
264	3	300.702	296.088	1343.6
264	4	266.188	271.336	1343.6
264	5	9.09084	98.7689	1343.6
264	6	-124.006	299.336	1343.6
264	7	-171.52	371.088	1343.6
264	8	-250.52	497.458	1343.6
264	9	-274.006	537.209	1343.6
265	0	312.091	763.777	1343.6
265	1	320.188	740.21	1343.6
265	2	319.702	675.458	1343.6
265	3	300.702	296.088	1343.6
265	4	266.188	271.336	1343.6
265	5	9.09084	98.7689	1343.6
265	6	-124.006	299.336	1343.6
265	7	-171.52	371.088	1343.6
265	8	-250.52	497.458	1343.6
265	9	-274.006	537.209	1343.6
266	0	312.091	763.777	1343.6
266	1	320.188	740.21	1343.6
266	2	319.702	675.458	1343.6
266	3	300.702	296.088	1343.6
266	4	266.188	271.336	1343.6
266	5	9.09084	98.7689	1343.6
266	6	-124.006	299.336	1343.6
266	7	-171.52	371.088	1343.6
266	8	-250.52	497.458	1343.6
266	9	-274.006	537.209	1343.6
267	0	312.091	763.777	1343.6
267	1	320.188	740.21	1343.6
267	2	319.702	675.458	1343.6
267	3	300.702	296.088	1343.6
267	4	266.188	271.336	1343.6
267	5	9.09084	98.7689	1343.6
267	6	-124.006	299.336	1343.6
267	7	-171.52	371.088	1343.6
267	8	-250.52	497.458	1343.6
267	9	-274.006	537.209	1343.6
268	0	312.091	763.777	1343.6
268	1	320.188	740.21	1343.6
268	2	319.702	675.458	1343.6
268	3	300.702	296.088	1343.6
268	4	266.188	271.336	1343.6
268	5	9.09084	98.7689	1343.6
268	6	-124.006	299.336	1343.6
268	7	-171.52	371.088	1343.6
268	8	-250.52	497.458	1343.6
268	9	-274.006	537.209	1343.6
269	0	312.091	763.777	1343.6
269	1	320.188	740.21	1343.6
269	2	319.702	675.458	1343.6
269	3	300.702	296.088	1343.6
269	4	266.188	271.336	1343.6
269	5	9.09084	98.7689	1343.6
269	6	-124.006	299.336	1343.6
269	7	-171.52	371.088	1343.6
269	8	-250.52	497.458	1343.6
269	9	-274.006	537.209	1343.6
270	0	312.091	763.777	1343.6
270	1	320.188	740.21	1343.6
270	2	319.702	675.458	1343.6
270	3	300.702	296.088	1343.6
270	4	266.188	271.336	1343.6
270	5	9.09084	98.7689	1343.6
270	6	-124.006	299.336	1343.6
270	7	-171.52	371.088	1343.6
270	8	-250.52	497.458	1343.6
270	9	-274.006	537.209	1343.6
271	0	312.091	763.777	1343.6
271	1	320.188	740.21	1343.6
271	2	319.702	675.458	1343.6
271	3	300.702	296.088	1343.6
271	4	266.188	271.336	1343.6
271	5	9.09084	98.7689	1343.6
271	6	-124.006	299.336	1343.6
271	7	-171.52	371.088	1343.6
271	8	-262.52	518.458	1343.6
271	9	-274.006	537.209	1343.59
272	0	312.091	763.777	1343.59
272	1	320.188	740.21	1343.59
272	2	319.702	675.458	1343.59
272	3	300.702	296.088	1343.59
272	4	266.188	271.336	1343.59
272	5	9.09084	98.7689	1343.59
272	6	-126.006	302.336	1343.59
272	7	-171.52	371.088	1343.59
272	8	-262.52	518.458	1343.59
272	9	-274.006	537.209	1343.59
273	0	312.091	763.777	1343.59
273	1	314.188	742.21	1343.59
273	2	319.702	675.458	1342.57
273	3	300.702	296.088	1342.57
273	4	266.188	271.336	1342.57
273	5	9.09084	98.7689	1342.57
273	6	-126.006	302.336	1342.57
273	7	-171.52	371.088	1342.57
273	8	-262.52	518.458	1342.57
273	9	-274.006	537.209	1342.57
274	0	312.091	763.777	1342.57
274	1	314.188	742.21	1342.57
274	2	319.702	675.458	1342.57
274	3	300.702	296.088	1342.57
274	4	266.188	271.336	1342.57
274	5	9.09084	98.7689	1342.57
274	6	-126.006	302.336	1342.57
274	7	-171.52	371.088	1342.57
274	8	-262.52	518.458	1342.57
274	9	-274.006	537.209	1342.57
275	0	312.091	763.777	1342.57
275	1	314.188	742.21	1342.57
275	2	319.702	675.458	1342.57
275	3	300.702	296.088	1342.57
275	4	266.188	271.336	1342.57
275	5	9.09084	98.7689	1342.57
275	6	-126.006	302.336	1342.57
275	7	-171.52	371.088	1342.57
275	8	-262.52	518.458	1342.57
275	9	-274.006	537.209	1342.57
276	0	312.091	763.777	1342.57
276	1	314.188	742.21	1342.57
276	2	319.702	675.458	1342.57
276	3	300.702	296.088	1342.57
276	4	266.188	271.336	1342.57
276	5	9.09084	98.7689	1342.57
276	6	-126.006	302.336	1342.57
276	7	-171.52	371.088	1342.57
276	8	-262.52	518.458	1342.57
276	9	-274.006	537.209	1342.57
277	0	312.091	763.777	1342.57
277	1	314.188	742.21	1342.57
277	2	319.702	675.458	1342.57
277	3	300.702	296.088	1342.57
277	4	266.188	271.336	1342.57
277	5	9.09084	98.7689	1342.57
277	6	-126.006	302.336	1342.57
277	7	-171.52	371.088	1342.57
277	8	-262.52	518.458	1342.57
277	9	-274.006	537.209	1342.57
278	0	312.091	763.777	1342.57
278	1	314.188	742.21	1342.57
278	2	319.702	675.458	1342.57
278	3	300.702	296.088	1342.57
278	4	266.188	271.336	1342.57
278	5	9.09084	98.7689	1342.57
278	6	-126.006	302.336	1342.57
278	7	-171.52	371.088	1342.57
278	8	-262.52	518.458	1342.57
278	9	-274.006	537.209	1342.57
279	0	312.091	763.777	1342.57
279	1	314.188	742.21	1342.57
279	2	319.702	675.458	1342.57
279	3	300.702	296.088	1342.57
279	4	266.188	271.336	1342.57
279	5	9.09084	98.7689	1342.57
279	6	-126.006	302.336	1342.57
279	7	-171.52	371.088	1342.57
279	8	-262.52	518.458	1342.57
279	9	-274.006	537.209	1342.57
280	0	312.091	763.777	1342.57
280	1	314.188	742.21	1342.57
280	2	319.702	675.458	1342.57
280	3	300.702	296.088	1342.57
280	4	266.188	271.336	1342.57
280	5	9.09084	98.7689	1342.57
280	6	-126.006	302.336	1342.57
280	7	-171.52	376.088	1342.57
280	8	-262.52	518.458	1342.55
280	9	-274.006	537.209	1342.55
281	0	312.091	763.777	1342.55
281	1	314.188	742.21	1342.55
281	2	315.702	677.458	1342.55
281	3	300.702	296.088	1342.16
281	4	266.188	271.336	1342.16
281	5	9.09084	98.7689	1342.16
281	6	-126.006	302.336	1342.16
281	7	-171.52	376.088	1342.16
281	8	-262.52	518.458	1342.16
281	9	-274.006	537.209	1342.16
282	0	312.091	763.777	1342.16
282	1	314.188	742.21	1342.16
282	2	315.702	677.458	1342.16
282	3	300.702	296.088	1342.16
282	4	266.188	271.336	1342.16
282	5	9.09084	98.7689	1342.16
282	6	-126.006	302.336	1342.16
282	7	-171.52	376.088	1342.16
282	8	-262.52	518.458	1342.16
282	9	-274.006	537.209	1342.16
283	0	312.091	763.777	1342.16
283	1	314.188	742.21	1342.16
283	2	315.702	677.458	1342.16
283	3	300.702	296.088	1342.16
283	4	266.188	271.336	1342.16
283	5	9.09084	98.7689	1342.16
283	6	-126.006	302.336	1342.16
283	7	-171.52	376.088	1342.16
283	8	-262.52	518.458	1342.16
283	9	-274.006	537.209	1342.16
284	0	312.091	763.777	1342.16
284	1	314.188	742.21	1342.16
284	2	315.702	677.458	1342.16
284	3	300.702	296.088	1342.16
284	4	283.188	283.336	1342.16
284	5	9.09084	98.7689	1342.15
284	6	-126.006	302.336	1342.15
284	7	-171.52	376.088	1342.15
284	8	-262.52	518.458	1342.15
284	9	-274.006	537.209	1342.15
285	0	312.091	763.777	1342.15
285	1	314.188	742.21	1342.15
285	2	315.702	677.458	1342.15
285	3	300.702	296.088	1342.15
285	4	283.188	283.336	1342.15
285	5	9.09084	98.7689	1342.15
285	6	-126.006	302.336	1342.15
285	7	-171.52	376.088	1342.15
285	8	-262.52	518.458	1342.15
285	9	-274.006	537.209	1342.15
286	0	312.091	763.777	1342.15
286	1	314.188	742.21	1342.15
286	2	315.702	677.458	1342.15
286	3	300.702	296.088	1342.15
286	4	283.188	283.336	1342.15
286	5	9.09084	98.7689	1342.15
286	6	-126.006	302.336	1342.15
286	7	-171.52	376.088	1342.15
286	8	-262.52	518.458	1342.15
286	9	-274.006	537.209	1342.15
287	0	312.091	763.777	1342.15
287	1	314.188	742.21	1342.15
287	2	315.702	677.458	1342.15
287	3	300.702	296.088	1342.15
287	4	283.188	283.336	1342.15
287	5	9.09084	98.7689	1342.15
287	6	-126.006	302.336	1342.15
287	7	-171.52	376.088	1342.15
287	8	-262.52	518.458	1342.15
287	9	-274.006	537.209	1342.15
288	0	312.091	763.777	1342.15
288	1	314.188	742.21	1342.15
288	2	315.702	677.458	1342.15
288	3	300.702	296.088	1342.15
288	4	283.188	283.336	1342.15
288	5	9.09084	98.7689	1342.15
288	6	-138.006	324.336	1342.15
288	7	-171.52	376.088	1342.12
288	8	-262.52	518.458	1342.12
288	9	-274.006	537.209	1342.12
289	0	312.091	763.777	1342.12
289	1	314.188	742.21	1342.12
289	2	315.702	677.458	1342.12
289	3	300.702	296.088	1342.12
289	4	283.188	283.336	1342.12
289	5	9.09084	98.7689	1342.12
289	6	-138.006	324.336	1342.12
289	7	-171.52	376.088	1342.12
289	8	-262.52	518.458	1342.12
289	9	-274.006	537.209	1342.12
290	0	312.091	763.777	1342.12
290	1	314.188	742.21	1342.12
290	2	315.702	677.458	1342.12
290	3	300.702	296.088	1342.12
290	4	283.188	283.336	1342.12
290	5	9.09084	98.7689	1342.12
290	6	-138.006	324.336	1342.12
290	7	-171.52	376.088	1342.12
290	8	-262.52	518.458	1342.12
290	9	-274.006	537.209	1342.12
291	0	312.091	763.777	1342.12
291	1	314.188	742.21	1342.12
291	2	315.702	677.458	1342.12
291	3	300.702	296.088	1342.12
291	4	283.188	283.336	1342.12
291	5	9.09084	98.7689	1342.12
291	6	-138.006	324.336	1342.12
291	7	-171.52	376.088	1342.12
291	8	-262.52	518.458	1342.12
291	9	-274.006	537.209	1342.12
292	0	312.091	763.777	1342.12
292	1	314.188	742.21	1342.12
292	2	315.702	677.458	1342.12
292	3	300.702	296.088	1342.12
292	4	283.188	283.336	1342.12
292	5	9.09084	98.7689	1342.12
292	6	-138.006	324.336	1342.12
292	7	-171.52	376.088	1342.12
292	8	-262.52	518.458	1342.12
292	9	-274.006	537.209	1342.12
293	0	312.091	763.777	1342.12
293	1	314.188	742.21	1342.12
293	2	313.702	690.458	1342.12
293	3	300.702	296.088	1342.02
293	4	278.188	280.336	1342.02
293	5	9.09084	98.7689	1342.01
293	6	-138.006	324.336	1342.01
293	7	-171.52	376.088	1342.01
293	8	-262.52	518.458	1342.01
293	9	-274.006	537.209	1342.01
294	0	312.091	763.777	1342.01
294	1	314.188	742.21	1342.01
294	2	313.702	690.458	1342.01
294	3	300.702	296.088	1342.01
294	4	278.188	280.336	1342.01
294	5	9.09084	98.7689	1342.01
294	6	-138.006	324.336	1342.01
294	7	-171.52	376.088	1342.01
294	8	-262.52	518.458	1342.01
294	9	-274.006	537.209	1342.01
295	0	312.091	763.777	1342.01
295	1	314.188	742.21	1342.01
295	2	313.702	690.458	1342.01
295	3	300.702	296.088	1342.01
295	4	278.188	280.336	1342.01
295	5	9.09084	98.7689	1342.01
295	6	-138.006	324.336	1342.01
295	7	-171.52	376.088	1342.01
295	8	-262.52	518.458	1342.01
295	9	-274.006	537.209	1342.01
296	0	312.091	763.777	1342.01
296	1	314.188	742.21	1342.01
296	2	313.702	690.458	1342.01
296	3	300.702	296.088	1342.01
296	4	278.188	280.336	1342.01
296	5	9.09084	98.7689	1342.01
296	6	-138.006	324.336	1342.01
296	7	-171.52	376.088	1342.01
296	8	-262.52	518.458	1342.01
296	9	-274.006	537.209	1342.01
297	0	312.091	763.777	1342.01
297	1	314.188	742.21	1342.01
297	2	313.702	690.458	1342.01
297	3	300.702	296.088	1342.01
297	4	278.188	280.336	1342.01
297	5	9.09084	98.7689	1342.01
297	6	-138.006	324.336	1342.01
297	7	-171.52	376.088	1342.01
297	8	-262.52	518.458	1342.01
297	9	-274.006	537.209	1342.01
298	0	312.091	763.777	1342.01
298	1	314.188	742.21	1342.01
298	2	313.702	690.458	1342.01
298	3	300.702	296.088	1342.01
298	4	278.188	280.336	1342.01
298	5	9.09084	98.7689	1342.01
298	6	-138.006	324.336	1342.01
298	7	-171.52	376.088	1342.01
298	8	-262.52	518.458	1342.01
298	9	-274.006	537.209	1342.01
299	0	312.091	763.777	1342.01
299	1	314.188	742.21	1342.01
299	2	313.702	690.458	1342.01
299	3	300.702	296.088	1342.01
299	4	278.188	280.336	1342.01
299	5	9.09084	98.7689	1342.01
299	6	-138.006	324.336	1342.01
299	7	-171.52	376.088	1342.01
299	8	-262.52	518.458	1342.01
299	9	-274.006	537.209	1342.01
300	0	312.091	763.777	1342.01
300	1	314.188	742.21	1342.01
300	2	313.702	690.458	1342.01
300	3	300.702	296.088	1342.01
300	4	278.188	280.336	1342.01
300	5	9.09084	98.7689	1342.01
300	6	-138.006	324.336	1342.01
300	7	-171.52	376.088	1342.01
300	8	-262.52	518.458	1342.01
300	9	-274.006	537.209	1342.01
